0 0.8984375 0.5842592592592593 0.10312499999999991 0.4277777777777778
0 0.9549479166666667 0.5782407407407407 0.09010416666666665 0.3694444444444444
0 0.7682291666666667 0.4583333333333333 0.017708333333333326 0.11481481481481481
0 0.4947916666666667 0.44305555555555554 0.01666666666666672 0.07500000000000001
0 0.27734375 0.5504629629629629 0.05781250000000002 0.28611111111111115
0 0.5356770833333333 0.4467592592592593 0.020312499999999956 0.07500000000000001
0 0.3380208333333333 0.5365740740740741 0.04166666666666663 0.24907407407407406
0 0.6614583333333334 0.45972222222222225 0.015625 0.08981481481481485
0 0.3104166666666667 0.4837962962962963 0.016666666666666663 0.12314814814814817
0 0.36197916666666663 0.5162037037037037 0.030208333333333337 0.18055555555555558
