0 0.9302083333333333 0.5962962962962963 0.13645833333333335 0.45185185185185184
0 0.98359375 0.5745370370370371 0.03281250000000002 0.3768518518518518
0 0.7770833333333333 0.4574074074074074 0.029166666666666674 0.11296296296296293
0 0.49453125 0.44212962962962965 0.016145833333333304 0.07314814814814813
0 0.27890625 0.5546296296296296 0.05572916666666666 0.29444444444444445
0 0.5346354166666667 0.4481481481481482 0.021354166666666674 0.0759259259259259
0 0.34375 0.5375000000000001 0.04270833333333335 0.24907407407407411
0 0.6630208333333334 0.45925925925925926 0.014583333333333282 0.08888888888888885
0 0.31276041666666665 0.4837962962962963 0.019270833333333348 0.12129629629629624
0 0.36875 0.5217592592592593 0.02812500000000001 0.18611111111111112
