0 0.9231770833333333 0.5953703703703703 0.14531250000000007 0.43888888888888883
0 0.97421875 0.5726851851851852 0.051562499999999956 0.3768518518518518
0 0.77421875 0.4583333333333333 0.031770833333333415 0.11481481481481481
0 0.4950520833333334 0.44166666666666665 0.01614583333333336 0.07222222222222224
0 0.5348958333333333 0.44675925925925924 0.021874999999999978 0.07685185185185184
0 0.27890625 0.5518518518518518 0.056770833333333326 0.28518518518518515
0 0.34140625 0.5375000000000001 0.04218749999999999 0.24907407407407411
0 0.6630208333333333 0.45925925925925926 0.015625 0.09074074074074079
0 0.31276041666666665 0.4842592592592592 0.019270833333333348 0.12037037037037035
0 0.36666666666666664 0.5194444444444444 0.03125 0.18148148148148147
0 0.9171875 0.7092592592592593 0.02604166666666663 0.0537037037037037
