0 0.4947916666666667 0.44166666666666665 0.01666666666666672 0.07407407407407407
0 0.31380208333333337 0.5694444444444444 0.059895833333333315 0.32037037037037036
0 0.35624999999999996 0.5444444444444445 0.04583333333333334 0.2666666666666667
0 0.38645833333333335 0.4652777777777778 0.02812500000000001 0.10462962962962963
0 0.5330729166666667 0.4486111111111111 0.01822916666666674 0.0712962962962963
0 0.6661458333333333 0.4601851851851852 0.018750000000000044 0.0888888888888889
0 0.2895833333333333 0.4708333333333333 0.03437499999999999 0.10648148148148145
0 0.4005208333333333 0.525462962962963 0.04583333333333334 0.21018518518518514
0 0.24947916666666664 0.47962962962962963 0.015624999999999972 0.08888888888888885
0 0.29270833333333335 0.6458333333333334 0.025000000000000022 0.08981481481481479
