0 0.83359375 0.5736111111111111 0.12031250000000004 0.38796296296296295
0 0.8989583333333333 0.5643518518518519 0.06770833333333337 0.3509259259259259
0 0.7559895833333333 0.4587962962962963 0.03385416666666674 0.11574074074074081
0 0.5401041666666666 0.4462962962962963 0.018749999999999933 0.08518518518518514
0 0.4947916666666667 0.44166666666666665 0.01666666666666672 0.07407407407407407
0 0.8130208333333333 0.4597222222222222 0.01666666666666672 0.10833333333333328
0 0.2690104166666667 0.5449074074074074 0.05572916666666666 0.2712962962962963
0 0.3325520833333333 0.5356481481481481 0.05156250000000001 0.24722222222222218
0 0.6614583333333334 0.45972222222222225 0.015625 0.08981481481481485
0 0.35833333333333334 0.5157407407407407 0.027083333333333348 0.17962962962962958
