0 0.7981770833333333 0.562962962962963 0.08072916666666663 0.3685185185185185
0 0.8536458333333334 0.562037037037037 0.07604166666666667 0.33703703703703697
0 0.7401041666666667 0.4587962962962963 0.02604166666666674 0.11574074074074081
0 0.5401041666666666 0.4453703703703704 0.019791666666666763 0.0851851851851852
0 0.4966145833333333 0.4412037037037037 0.018229166666666685 0.07499999999999996
0 0.2611979166666667 0.5439814814814814 0.06302083333333336 0.2657407407407407
0 0.3276041666666667 0.5342592592592592 0.04479166666666662 0.2444444444444444
0 0.6627604166666666 0.46064814814814814 0.016145833333333304 0.08981481481481479
0 0.35859375000000004 0.5148148148148148 0.02656249999999999 0.17592592592592587
0 0.284375 0.5398148148148147 0.027083333333333348 0.2222222222222222
