0 0.8268229166666667 0.575925925925926 0.13177083333333328 0.38148148148148153
0 0.8804687499999999 0.5680555555555555 0.06822916666666667 0.34166666666666673
0 0.7484375 0.4587962962962963 0.019791666666666652 0.11574074074074081
0 0.53984375 0.4467592592592593 0.020312500000000067 0.08611111111111108
0 0.4955729166666667 0.44166666666666665 0.017187499999999967 0.07407407407407407
0 0.5830729166666666 0.4574074074074074 0.019270833333333237 0.1018518518518518
0 0.26510416666666664 0.5449074074074074 0.056249999999999994 0.2712962962962963
0 0.3307291666666667 0.5337962962962963 0.05104166666666665 0.24537037037037035
0 0.6619791666666667 0.46018518518518514 0.015625 0.09074074074074073
0 0.35859375 0.5166666666666667 0.025520833333333326 0.17962962962962964
0 0.29140625 0.5583333333333333 0.01510416666666664 0.18333333333333335
0 0.8255208333333334 0.6833333333333333 0.023958333333333304 0.061111111111111116
