0 0.75703125 0.5638888888888889 0.08072916666666663 0.3537037037037037
0 0.8145833333333333 0.5546296296296296 0.0708333333333333 0.3148148148148148
0 0.5388020833333333 0.44537037037037036 0.0234375 0.09259259259259256
0 0.4981770833333333 0.44074074074074077 0.020312499999999956 0.07407407407407407
0 0.72421875 0.46111111111111114 0.0234375 0.11481481481481476
0 0.2604166666666667 0.5402777777777777 0.06458333333333335 0.262037037037037
0 0.3276041666666667 0.5347222222222222 0.04583333333333334 0.24351851851851847
0 0.6635416666666667 0.46064814814814814 0.01666666666666672 0.08981481481481479
0 0.35286458333333337 0.5106481481481482 0.03072916666666664 0.17314814814814816
0 0.27890625 0.5231481481481481 0.025520833333333326 0.19629629629629636
0 0.29453125 0.4731481481481482 0.017187499999999967 0.08703703703703708
