0 0.7622395833333333 0.563425925925926 0.07656249999999998 0.3564814814814815
0 0.81328125 0.5550925925925926 0.06927083333333328 0.3157407407407407
0 0.53828125 0.44537037037037036 0.02239583333333328 0.09259259259259256
0 0.4973958333333333 0.4398148148148148 0.018749999999999933 0.07407407407407407
0 0.7252604166666667 0.46111111111111114 0.02447916666666672 0.1166666666666667
0 0.2609375 0.5402777777777777 0.06458333333333333 0.262037037037037
0 0.3276041666666667 0.5347222222222222 0.04583333333333334 0.24351851851851847
0 0.6635416666666667 0.46064814814814814 0.01666666666666672 0.08981481481481479
0 0.3536458333333333 0.5115740740740741 0.030208333333333337 0.17500000000000004
0 0.27864583333333337 0.5259259259259259 0.026041666666666685 0.19999999999999996
0 0.29401041666666666 0.475 0.016145833333333304 0.0851851851851852
