0 0.7515625 0.5652777777777778 0.09270833333333339 0.3527777777777778
0 0.81015625 0.5564814814814815 0.07343750000000004 0.31666666666666665
0 0.5393229166666667 0.4439814814814815 0.024479166666666607 0.08981481481481479
0 0.7223958333333333 0.4425925925925926 0.02083333333333326 0.08148148148148149
0 0.4986979166666667 0.44074074074074077 0.021354166666666674 0.07407407407407407
0 0.5833333333333334 0.45740740740740743 0.019791666666666652 0.10370370370370374
0 0.26015625 0.5398148148148149 0.06302083333333336 0.2611111111111111
0 0.32734375 0.5347222222222222 0.04531249999999998 0.24351851851851847
0 0.66328125 0.46064814814814814 0.017187500000000022 0.08981481481481479
0 0.35130208333333335 0.5106481481481482 0.03177083333333336 0.17129629629629634
0 0.2942708333333333 0.4722222222222222 0.017708333333333326 0.09074074074074073
0 0.27890625 0.5185185185185185 0.025520833333333326 0.17962962962962958
