0 0.9213541666666667 0.5907407407407408 0.14270833333333333 0.43148148148148147
0 0.9700520833333333 0.5745370370370371 0.05989583333333337 0.3768518518518518
0 0.7723958333333333 0.45787037037037037 0.03125 0.11388888888888893
0 0.49453125 0.44166666666666665 0.016145833333333304 0.07222222222222224
0 0.27890625 0.5499999999999999 0.056770833333333326 0.28518518518518515
0 0.53515625 0.44675925925925924 0.021354166666666563 0.07685185185185184
0 0.340625 0.5375000000000001 0.04270833333333335 0.24907407407407411
0 0.6627604166666666 0.45972222222222225 0.016145833333333304 0.08981481481481485
0 0.31276041666666665 0.4847222222222222 0.019270833333333348 0.12129629629629635
0 0.3661458333333333 0.5175925925925926 0.03229166666666666 0.1814814814814814
0 0.9088541666666667 0.7101851851851853 0.02604166666666663 0.06481481481481477
