0 0.8278645833333333 0.575925925925926 0.13072916666666667 0.38333333333333336
0 0.8851562500000001 0.5680555555555555 0.06510416666666663 0.3435185185185185
0 0.7494791666666667 0.4587962962962963 0.021874999999999978 0.11574074074074081
0 0.53984375 0.4467592592592593 0.020312500000000067 0.08611111111111108
0 0.49505208333333334 0.44166666666666665 0.017187500000000022 0.07407407407407407
0 0.5828125 0.4569444444444445 0.019791666666666652 0.10092592592592592
0 0.26484375 0.5444444444444445 0.05572916666666669 0.27222222222222225
0 0.33125000000000004 0.5342592592592592 0.052083333333333315 0.24629629629629635
0 0.6622395833333333 0.46018518518518514 0.016145833333333304 0.09074074074074073
0 0.2885416666666667 0.5375 0.02291666666666664 0.22500000000000003
0 0.35833333333333334 0.5166666666666667 0.02604166666666663 0.17962962962962964
0 0.8330729166666666 0.6842592592592592 0.02447916666666672 0.061111111111111116
