0 0.915625 0.5819444444444444 0.1322916666666667 0.4194444444444444
0 0.9609375 0.5773148148148148 0.07708333333333339 0.3805555555555556
0 0.7697916666666667 0.4574074074074074 0.023958333333333304 0.11666666666666664
0 0.49453125 0.44166666666666665 0.016145833333333304 0.07407407407407407
0 0.278125 0.55 0.05625000000000002 0.28888888888888886
0 0.5354166666666667 0.4458333333333333 0.02083333333333326 0.07500000000000001
0 0.3380208333333333 0.5361111111111111 0.04166666666666663 0.25
0 0.6617187499999999 0.45972222222222225 0.014062499999999978 0.08981481481481485
0 0.3125 0.4847222222222222 0.018750000000000044 0.12129629629629635
0 0.36458333333333337 0.5162037037037037 0.03229166666666666 0.18055555555555558
0 0.89765625 0.7055555555555555 0.027604166666666652 0.0722222222222223
