0 0.7453125 0.5611111111111111 0.08958333333333335 0.34259259259259256
0 0.7966145833333333 0.5564814814814815 0.07656249999999998 0.3148148148148148
0 0.5406249999999999 0.4449074074074074 0.02083333333333337 0.08981481481481479
0 0.49895833333333334 0.44074074074074077 0.02083333333333337 0.0759259259259259
0 0.25859375 0.5407407407407407 0.060937500000000006 0.2592592592592593
0 0.32682291666666663 0.5347222222222222 0.044270833333333315 0.24351851851851847
0 0.66328125 0.46111111111111114 0.017187500000000022 0.09074074074074079
0 0.35130208333333335 0.5092592592592593 0.03281250000000002 0.17222222222222217
0 0.2947916666666667 0.47314814814814815 0.016666666666666663 0.0888888888888889
0 0.2817708333333333 0.5314814814814814 0.020833333333333315 0.14074074074074072
