0 0.7903645833333334 0.561574074074074 0.0630208333333333 0.36203703703703705
0 0.8458333333333333 0.5601851851851851 0.07499999999999996 0.33518518518518514
0 0.53984375 0.4449074074074074 0.020312500000000067 0.08611111111111114
0 0.7377604166666667 0.4601851851851852 0.025520833333333326 0.11481481481481481
0 0.4966145833333333 0.44074074074074077 0.018229166666666685 0.07407407407407407
0 0.26197916666666665 0.5430555555555556 0.06354166666666669 0.26388888888888895
0 0.3276041666666667 0.5337962962962963 0.04479166666666662 0.24537037037037035
0 0.6630208333333334 0.46064814814814814 0.01666666666666672 0.08981481481481479
0 0.35859375000000004 0.5115740740740741 0.02656249999999999 0.17685185185185182
0 0.28385416666666663 0.5384259259259259 0.02812500000000001 0.22129629629629627
