0 0.8455729166666667 0.5708333333333333 0.0932291666666667 0.39351851851851855
0 0.9161458333333333 0.5638888888888889 0.07708333333333339 0.35185185185185186
0 0.7572916666666667 0.45925925925925926 0.034375000000000044 0.11481481481481487
0 0.49453125 0.4412037037037037 0.016145833333333304 0.07314814814814818
0 0.5393229166666667 0.4476851851851852 0.017187500000000022 0.08425925925925926
0 0.2739583333333333 0.5449074074074074 0.057291666666666685 0.27314814814814814
0 0.8166666666666667 0.4601851851851852 0.015625 0.10370370370370374
0 0.33307291666666666 0.5365740740740741 0.04843750000000002 0.24907407407407406
0 0.6611979166666666 0.45972222222222225 0.016145833333333415 0.08981481481481485
0 0.30937499999999996 0.4833333333333333 0.014583333333333337 0.12222222222222218
0 0.3578125 0.5162037037037037 0.026041666666666685 0.18055555555555558
