0 0.75390625 0.5652777777777778 0.08906250000000004 0.3527777777777778
0 0.8104166666666667 0.5555555555555556 0.06666666666666665 0.31481481481481477
0 0.5388020833333333 0.4449074074074074 0.0234375 0.09166666666666667
0 0.7229166666666667 0.46064814814814814 0.021874999999999978 0.1157407407407407
0 0.4981770833333333 0.4412037037037037 0.02135416666666673 0.07499999999999996
0 0.5833333333333334 0.45740740740740743 0.019791666666666652 0.10370370370370374
0 0.2596354166666667 0.5402777777777777 0.06302083333333333 0.262037037037037
0 0.32734375 0.5347222222222222 0.04531249999999998 0.24351851851851847
0 0.66328125 0.46064814814814814 0.017187500000000022 0.08981481481481479
0 0.35260416666666666 0.5092592592592593 0.03125 0.1740740740740741
0 0.27890625 0.5199074074074075 0.02656249999999999 0.187962962962963
0 0.29453125 0.4736111111111111 0.017187499999999967 0.08796296296296297
