0 0.81640625 0.5666666666666667 0.11614583333333339 0.36851851851851847
0 0.8690104166666667 0.5680555555555555 0.08177083333333335 0.33796296296296297
0 0.7463541666666667 0.45925925925925926 0.02083333333333326 0.11481481481481487
0 0.5393229166666667 0.4453703703703704 0.019270833333333348 0.0851851851851852
0 0.49583333333333335 0.4412037037037037 0.01770833333333327 0.07499999999999996
0 0.3276041666666667 0.5337962962962963 0.04479166666666662 0.24537037037037035
0 0.26276041666666666 0.5458333333333333 0.05885416666666665 0.26759259259259255
0 0.6630208333333333 0.46064814814814814 0.015625 0.08981481481481479
0 0.35833333333333334 0.5157407407407407 0.025000000000000022 0.17777777777777776
0 0.2859375 0.5398148148148147 0.023958333333333304 0.2222222222222222
0 0.81953125 0.6824074074074074 0.02864583333333337 0.062962962962963
