0 0.8640625 0.5689814814814815 0.08645833333333341 0.3953703703703704
0 0.9182291666666667 0.5634259259259259 0.08958333333333335 0.3601851851851851
0 0.7598958333333333 0.45833333333333337 0.028124999999999956 0.11296296296296299
0 0.4947916666666667 0.44166666666666665 0.01666666666666672 0.07222222222222224
0 0.2752604166666667 0.5444444444444445 0.056770833333333326 0.27222222222222225
0 0.5385416666666667 0.4481481481481482 0.018750000000000044 0.07777777777777778
0 0.8182291666666666 0.46111111111111114 0.013541666666666674 0.10185185185185186
0 0.3348958333333333 0.5365740740740741 0.04583333333333334 0.24907407407407406
0 0.6598958333333333 0.45925925925925926 0.016666666666666607 0.08888888888888885
0 0.30963541666666666 0.4833333333333333 0.016145833333333304 0.12222222222222218
0 0.3580729166666667 0.5157407407407407 0.025520833333333326 0.18148148148148152
