0 0.8049479166666667 0.5606481481481481 0.0932291666666667 0.36759259259259264
0 0.8611979166666667 0.5625 0.08281249999999996 0.3361111111111111
0 0.7432291666666666 0.45925925925925926 0.023958333333333415 0.11481481481481487
0 0.5401041666666666 0.4458333333333333 0.02083333333333337 0.08611111111111108
0 0.49635416666666665 0.4412037037037037 0.01770833333333338 0.07499999999999996
0 0.2611979166666667 0.5453703703703704 0.06302083333333336 0.26666666666666666
0 0.3276041666666667 0.5342592592592592 0.04479166666666662 0.2444444444444444
0 0.6627604166666666 0.46064814814814814 0.016145833333333304 0.08981481481481479
0 0.35833333333333334 0.5138888888888888 0.02604166666666663 0.17592592592592593
0 0.2846354166666667 0.5388888888888889 0.02656249999999999 0.22407407407407404
