0 0.7700520833333333 0.5625 0.05989583333333337 0.35833333333333334
0 0.8208333333333333 0.5541666666666667 0.06458333333333333 0.3194444444444445
0 0.5390625 0.4449074074074074 0.022916666666666696 0.08796296296296297
0 0.4971354166666666 0.44074074074074077 0.019270833333333293 0.07407407407407407
0 0.7296875 0.462037037037037 0.028125000000000067 0.11481481481481487
0 0.2622395833333333 0.5402777777777777 0.06822916666666665 0.262037037037037
0 0.32734375 0.5342592592592592 0.04531249999999998 0.2444444444444444
0 0.66328125 0.46064814814814814 0.017187500000000022 0.08981481481481479
0 0.2796875 0.5356481481481481 0.026041666666666685 0.22499999999999998
0 0.3549479166666667 0.512962962962963 0.028645833333333315 0.1777777777777778
0 0.29374999999999996 0.4717592592592593 0.016666666666666663 0.08981481481481485
