0 0.8236979166666667 0.5731481481481482 0.12656250000000002 0.37407407407407406
0 0.7489583333333334 0.45925925925925926 0.021874999999999978 0.11481481481481487
0 0.8770833333333333 0.5708333333333333 0.0708333333333333 0.33796296296296297
0 0.53984375 0.4462962962962963 0.020312500000000067 0.08703703703703702
0 0.4953125 0.44074074074074077 0.017708333333333326 0.07407407407407407
0 0.26484375 0.5458333333333334 0.056770833333333326 0.2694444444444445
0 0.3299479166666667 0.5337962962962963 0.04843750000000002 0.24537037037037035
0 0.6619791666666667 0.46018518518518514 0.015625 0.09074074074074073
0 0.35859375 0.5171296296296296 0.025520833333333326 0.18055555555555552
0 0.28671875 0.5388888888888889 0.0234375 0.22222222222222227
0 0.82109375 0.6828703703703703 0.025520833333333326 0.06018518518518512
