0 0.9270833333333333 0.5962962962962963 0.14166666666666672 0.4481481481481482
0 0.98125 0.5731481481481482 0.03749999999999998 0.3777777777777778
0 0.7755208333333333 0.4583333333333333 0.03125 0.11481481481481481
0 0.49453125 0.4412037037037037 0.016145833333333304 0.07314814814814818
0 0.2794270833333333 0.5523148148148148 0.0546875 0.287962962962963
0 0.5348958333333333 0.4481481481481482 0.021874999999999978 0.07777777777777778
0 0.34270833333333334 0.537037037037037 0.04270833333333335 0.24814814814814812
0 0.6630208333333333 0.45925925925925926 0.015625 0.09074074074074079
0 0.31276041666666665 0.4837962962962963 0.019270833333333348 0.12129629629629624
0 0.3671875 0.5185185185185186 0.03020833333333328 0.18518518518518523
