0 0.8197916666666667 0.5699074074074074 0.12083333333333335 0.375
0 0.87265625 0.5689814814814815 0.0786458333333333 0.33981481481481485
0 0.53984375 0.4458333333333333 0.019270833333333348 0.08611111111111108
0 0.7473958333333333 0.45972222222222225 0.02083333333333337 0.11388888888888893
0 0.49557291666666664 0.44166666666666665 0.01822916666666663 0.0759259259259259
0 0.32864583333333336 0.5337962962962963 0.046875 0.24537037037037035
0 0.26328125 0.5462962962962963 0.05885416666666668 0.26851851851851855
0 0.6622395833333333 0.46018518518518514 0.016145833333333304 0.09074074074074073
0 0.35833333333333334 0.5166666666666667 0.025000000000000022 0.17962962962962964
0 0.2869791666666667 0.5398148148148149 0.021874999999999978 0.22037037037037038
0 0.8205729166666667 0.6828703703703705 0.027604166666666652 0.062037037037037
