0 0.9247395833333334 0.5981481481481482 0.14531250000000007 0.4444444444444445
0 0.9770833333333333 0.5731481481481482 0.044791666666666674 0.3814814814814814
0 0.7752604166666667 0.4583333333333333 0.03281249999999991 0.11481481481481481
0 0.4947916666666667 0.44166666666666665 0.01666666666666672 0.07222222222222224
0 0.5348958333333333 0.4476851851851852 0.021874999999999978 0.07870370370370372
0 0.2794270833333333 0.5523148148148148 0.0546875 0.28611111111111115
0 0.3421875 0.537037037037037 0.041666666666666685 0.24814814814814812
0 0.6630208333333333 0.45925925925925926 0.015625 0.09074074074074079
0 0.31276041666666665 0.4847222222222222 0.02031250000000001 0.12129629629629635
0 0.36744791666666665 0.5217592592592593 0.029687499999999978 0.1842592592592593
