0 0.9403645833333333 0.5935185185185186 0.1171875 0.45555555555555555
0 0.7796875 0.45694444444444443 0.023958333333333304 0.11203703703703705
0 0.49453125 0.4412037037037037 0.016145833333333304 0.07314814814814818
0 0.58203125 0.4574074074074074 0.019270833333333348 0.1018518518518518
0 0.2783854166666667 0.5555555555555556 0.05572916666666666 0.29629629629629634
0 0.5346354166666667 0.44722222222222224 0.021354166666666674 0.07407407407407407
0 0.3453125 0.5375 0.04375000000000001 0.2453703703703704
0 0.6630208333333334 0.45925925925925926 0.014583333333333282 0.08888888888888885
0 0.31276041666666665 0.4842592592592592 0.019270833333333348 0.12037037037037035
0 0.36953125 0.5208333333333334 0.02656249999999999 0.18796296296296294
