0 0.8510416666666667 0.5694444444444444 0.08333333333333337 0.3962962962962963
0 0.91796875 0.5643518518518518 0.0859375 0.35277777777777775
0 0.7588541666666666 0.45972222222222225 0.03020833333333328 0.11574074074074076
0 0.4947916666666667 0.4412037037037037 0.01666666666666672 0.07314814814814818
0 0.27317708333333335 0.5435185185185185 0.05572916666666666 0.2722222222222222
0 0.5390625 0.44814814814814813 0.017708333333333437 0.08148148148148149
0 0.33463541666666663 0.5365740740740741 0.04531250000000003 0.24907407407407406
0 0.8182291666666666 0.462037037037037 0.013541666666666674 0.10000000000000003
0 0.6606770833333333 0.45972222222222225 0.015104166666666696 0.08981481481481485
0 0.31015625 0.4833333333333333 0.01510416666666664 0.12222222222222218
0 0.3578125 0.5148148148148148 0.024999999999999967 0.17962962962962964
