0 0.7848958333333333 0.5601851851851852 0.06145833333333339 0.362962962962963
0 0.8380208333333333 0.5583333333333333 0.06875000000000009 0.32962962962962955
0 0.53984375 0.44537037037037036 0.019270833333333348 0.08703703703703702
0 0.49687499999999996 0.44074074074074077 0.01874999999999999 0.07407407407407407
0 0.7354166666666666 0.46111111111111114 0.028125000000000067 0.11481481481481476
0 0.32708333333333334 0.5337962962962963 0.044791666666666674 0.24537037037037035
0 0.26171875 0.5425925925925926 0.06510416666666666 0.2611111111111111
0 0.6630208333333334 0.46064814814814814 0.01666666666666672 0.08981481481481479
0 0.35677083333333337 0.5101851851851852 0.024999999999999967 0.17407407407407405
0 0.2822916666666667 0.5361111111111111 0.030208333333333337 0.22037037037037033
0 0.2942708333333333 0.475 0.015625 0.0851851851851852
