0 0.8283854166666667 0.5750000000000001 0.13072916666666667 0.38333333333333336
0 0.8882812499999999 0.5666666666666667 0.06406250000000002 0.35000000000000003
0 0.7541666666666667 0.45925925925925926 0.030208333333333393 0.11481481481481487
0 0.53984375 0.4462962962962963 0.019270833333333348 0.08518518518518514
0 0.49505208333333334 0.4412037037037037 0.017187500000000022 0.07314814814814818
0 0.5825520833333333 0.4564814814814815 0.019270833333333348 0.10185185185185186
0 0.26484375 0.5444444444444445 0.0546875 0.27222222222222225
0 0.33203125 0.5347222222222222 0.051562499999999956 0.24722222222222223
0 0.6617187499999999 0.46018518518518514 0.017187500000000022 0.09074074074074073
0 0.35833333333333334 0.5138888888888888 0.027083333333333348 0.17592592592592593
0 0.28932291666666665 0.538425925925926 0.022395833333333337 0.22314814814814815
0 0.8393229166666667 0.6824074074074074 0.021354166666666674 0.059259259259259234
