0 0.83671875 0.5726851851851852 0.11302083333333335 0.387962962962963
0 0.9075520833333333 0.5643518518518518 0.07239583333333333 0.35277777777777775
0 0.7572916666666667 0.45972222222222225 0.03645833333333337 0.11574074074074076
0 0.4947916666666667 0.4412037037037037 0.01666666666666672 0.07314814814814818
0 0.5401041666666666 0.4476851851851852 0.017708333333333326 0.08425925925925926
0 0.8140624999999999 0.46064814814814814 0.013541666666666674 0.11018518518518516
0 0.26927083333333335 0.5439814814814815 0.05625000000000002 0.27499999999999997
0 0.3328125 0.5351851851851852 0.05104166666666665 0.24814814814814812
0 0.66171875 0.45972222222222225 0.016145833333333304 0.08981481481481485
0 0.30937499999999996 0.4833333333333333 0.014583333333333337 0.12222222222222218
0 0.29270833333333335 0.538888888888889 0.021874999999999978 0.22592592592592597
0 0.35859375 0.5157407407407407 0.027604166666666652 0.17962962962962958
