0 0.8812500000000001 0.5731481481481482 0.08854166666666663 0.40555555555555556
0 0.9364583333333334 0.5685185185185185 0.11770833333333341 0.36111111111111116
0 0.7635416666666667 0.4583333333333333 0.02083333333333326 0.11481481481481481
0 0.4950520833333334 0.44212962962962965 0.01614583333333336 0.07314814814814813
0 0.2768229166666667 0.5458333333333333 0.05781249999999999 0.27685185185185185
0 0.5375 0.44999999999999996 0.018750000000000044 0.07777777777777778
0 0.33463541666666663 0.5365740740740741 0.04739583333333336 0.24907407407407406
0 0.6619791666666667 0.45925925925925926 0.015625 0.08888888888888885
0 0.31015625 0.4833333333333333 0.01614583333333336 0.12222222222222218
0 0.35911458333333335 0.5152777777777777 0.02656249999999999 0.18425925925925923
