0 0.8304687500000001 0.575462962962963 0.12656250000000002 0.38611111111111107
0 0.8929687500000001 0.5652777777777778 0.06406250000000002 0.35092592592592586
0 0.7554687499999999 0.45972222222222225 0.03281250000000002 0.11388888888888893
0 0.5395833333333333 0.4462962962962963 0.018750000000000044 0.08518518518518514
0 0.49505208333333334 0.44166666666666665 0.017187500000000022 0.07407407407407407
0 0.26640625 0.5439814814814814 0.052604166666666674 0.27129629629629626
0 0.33203125 0.5347222222222222 0.052604166666666674 0.24722222222222223
0 0.6611979166666666 0.46018518518518514 0.016145833333333415 0.09074074074074073
0 0.2890625 0.538425925925926 0.022916666666666696 0.22314814814814815
0 0.35859375 0.5157407407407407 0.027604166666666652 0.17777777777777776
