0 0.78125 0.5606481481481482 0.06145833333333339 0.36203703703703705
0 0.8328125 0.5550925925925926 0.05833333333333335 0.32314814814814813
0 0.5401041666666666 0.4449074074074074 0.02083333333333337 0.08611111111111114
0 0.4966145833333333 0.44074074074074077 0.018229166666666685 0.07407407407407407
0 0.7348958333333333 0.462037037037037 0.03020833333333328 0.11296296296296293
0 0.32734375 0.5337962962962963 0.04531249999999998 0.24537037037037035
0 0.26119791666666664 0.5421296296296296 0.06614583333333332 0.26018518518518524
0 0.66328125 0.46064814814814814 0.016145833333333415 0.08981481481481479
0 0.35677083333333337 0.513425925925926 0.026041666666666685 0.17685185185185187
0 0.2817708333333333 0.5356481481481481 0.02812500000000001 0.21944444444444444
0 0.29401041666666666 0.47453703703703703 0.016145833333333304 0.08611111111111114
