0 0.8755208333333333 0.5708333333333333 0.08333333333333337 0.4027777777777778
0 0.93125 0.5680555555555555 0.11041666666666661 0.3620370370370371
0 0.7611979166666667 0.45787037037037037 0.0234375 0.11388888888888893
0 0.4950520833333334 0.44212962962962965 0.01614583333333336 0.07314814814814813
0 0.2755208333333333 0.5449074074074074 0.056249999999999994 0.27314814814814814
0 0.5375 0.44999999999999996 0.018750000000000044 0.07777777777777778
0 0.33567708333333335 0.5370370370370371 0.044270833333333315 0.25000000000000006
0 0.6611979166666666 0.45925925925925926 0.016145833333333415 0.08888888888888885
0 0.31015625 0.4833333333333333 0.01614583333333336 0.12222222222222218
0 0.35911458333333335 0.5148148148148148 0.027604166666666652 0.17962962962962964
