0 0.9450520833333333 0.5921296296296297 0.10677083333333326 0.4583333333333333
0 0.7809895833333333 0.4569444444444445 0.020312499999999956 0.11018518518518522
0 0.49453125 0.44166666666666665 0.016145833333333304 0.07407407407407407
0 0.278125 0.5564814814814815 0.055208333333333304 0.2981481481481482
0 0.5346354166666667 0.4476851851851852 0.021354166666666674 0.07314814814814818
0 0.3450520833333333 0.5370370370370371 0.04322916666666665 0.25000000000000006
0 0.66328125 0.45925925925925926 0.015104166666666585 0.08888888888888885
0 0.31276041666666665 0.4842592592592592 0.019270833333333348 0.12037037037037035
0 0.37083333333333335 0.4731481481481481 0.02812500000000001 0.09629629629629627
0 0.3744791666666667 0.5685185185185185 0.016666666666666663 0.09259259259259256
