0 0.7419270833333333 0.5601851851851851 0.08802083333333333 0.3407407407407407
0 0.5395833333333333 0.4453703703703704 0.022916666666666696 0.09074074074074073
0 0.7934895833333333 0.5532407407407407 0.07968750000000002 0.30648148148148147
0 0.4981770833333333 0.44074074074074077 0.019270833333333348 0.0759259259259259
0 0.2559895833333333 0.5393518518518519 0.05781250000000002 0.26203703703703707
0 0.32708333333333334 0.5347222222222222 0.044791666666666674 0.2416666666666667
0 0.6630208333333334 0.46064814814814814 0.01666666666666672 0.09166666666666673
0 0.29453125 0.4708333333333333 0.017187499999999967 0.09351851851851856
0 0.3510416666666667 0.5101851851851852 0.027083333333333293 0.17222222222222228
0 0.2778645833333333 0.5143518518518518 0.027604166666666707 0.175
