0 0.8924479166666666 0.5819444444444444 0.09947916666666667 0.42314814814814816
0 0.9520833333333334 0.5745370370370371 0.09583333333333333 0.3675925925925926
0 0.7671875 0.45787037037037037 0.015625 0.1157407407407407
0 0.49453125000000003 0.44166666666666665 0.017187500000000022 0.07222222222222224
0 0.27656250000000004 0.549537037037037 0.057291666666666685 0.28425925925925927
0 0.5367187499999999 0.4486111111111111 0.01822916666666663 0.07685185185185184
0 0.3375 0.5375000000000001 0.041666666666666685 0.24907407407407411
0 0.6614583333333334 0.45972222222222225 0.015625 0.08981481481481485
0 0.3106770833333333 0.4837962962962963 0.017187500000000022 0.12314814814814817
0 0.3611979166666667 0.5157407407407407 0.030729166666666696 0.17962962962962958
