0 0.7473958333333333 0.5634259259259259 0.09270833333333328 0.3435185185185185
0 0.5411458333333333 0.4449074074074074 0.02083333333333326 0.08981481481481479
0 0.7989583333333333 0.5560185185185185 0.07187499999999991 0.31018518518518523
0 0.4986979166666667 0.44074074074074077 0.021354166666666674 0.0759259259259259
0 0.25807291666666665 0.5398148148148149 0.05885416666666665 0.2611111111111111
0 0.32734375 0.5342592592592592 0.04531249999999998 0.2444444444444444
0 0.66328125 0.46064814814814814 0.017187500000000022 0.08981481481481479
0 0.29453125 0.4703703703703704 0.017187499999999967 0.09444444444444444
0 0.35052083333333334 0.5106481481481482 0.03125 0.17129629629629634
0 0.278125 0.5152777777777778 0.027083333333333348 0.17685185185185187
