0 0.8127604166666667 0.5648148148148148 0.10781249999999998 0.36666666666666664
0 0.8658854166666667 0.5662037037037038 0.08385416666666667 0.33981481481481485
0 0.74453125 0.45787037037037037 0.022395833333333393 0.1157407407407407
0 0.49609375 0.44074074074074077 0.018229166666666685 0.07407407407407407
0 0.5390625 0.4462962962962963 0.019791666666666652 0.08518518518518514
0 0.3276041666666667 0.5337962962962963 0.04479166666666662 0.24537037037037035
0 0.26171875 0.5458333333333333 0.06093749999999998 0.26759259259259255
0 0.6627604166666666 0.46064814814814814 0.016145833333333304 0.08981481481481479
0 0.35833333333333334 0.5162037037037037 0.025000000000000022 0.17870370370370364
0 0.28541666666666665 0.5398148148148147 0.025000000000000022 0.2222222222222222
