0 0.9085937500000001 0.5837962962962964 0.11927083333333333 0.42314814814814816
0 0.9583333333333333 0.5768518518518518 0.08333333333333337 0.374074074074074
0 0.7682291666666667 0.45787037037037037 0.02083333333333337 0.1157407407407407
0 0.49453125 0.4412037037037037 0.016145833333333304 0.07314814814814818
0 0.27760416666666665 0.5504629629629629 0.057291666666666685 0.2879629629629629
0 0.5354166666666667 0.4467592592592593 0.02083333333333326 0.07500000000000001
0 0.3385416666666667 0.5370370370370371 0.04270833333333335 0.25000000000000006
0 0.6614583333333334 0.45972222222222225 0.015625 0.08981481481481485
0 0.31145833333333334 0.4842592592592593 0.017708333333333326 0.12222222222222223
0 0.36328125 0.5157407407407407 0.031770833333333304 0.17962962962962958
0 0.8971354166666667 0.7083333333333334 0.029687499999999978 0.06666666666666665
