0 0.4947916666666667 0.44166666666666665 0.01666666666666672 0.07407407407407407
0 0.3158854166666667 0.5694444444444444 0.05781249999999999 0.31851851851851853
0 0.3572916666666667 0.5453703703703703 0.04791666666666666 0.2685185185185185
0 0.665625 0.4597222222222222 0.018750000000000044 0.08796296296296291
0 0.28880208333333335 0.4712962962962963 0.03281250000000002 0.10740740740740745
0 0.4015625 0.5226851851851853 0.044791666666666674 0.2046296296296296
0 0.24921875 0.47962962962962963 0.016145833333333304 0.08888888888888885
0 0.384375 0.47962962962962963 0.020833333333333315 0.08888888888888885
0 0.4140625 0.5842592592592593 0.018750000000000044 0.09259259259259256
0 0.29270833333333335 0.6472222222222221 0.026041666666666685 0.0888888888888889
