0 0.7755208333333334 0.5611111111111111 0.060416666666666674 0.3592592592592592
0 0.83125 0.5537037037037037 0.0625 0.3185185185185185
0 0.5401041666666666 0.4458333333333333 0.02083333333333337 0.08611111111111108
0 0.7317708333333333 0.46064814814814814 0.029166666666666674 0.1157407407407407
0 0.49687499999999996 0.44027777777777777 0.01874999999999999 0.07314814814814813
0 0.26197916666666665 0.5412037037037036 0.06666666666666665 0.2601851851851852
0 0.3270833333333333 0.5342592592592592 0.04583333333333334 0.2444444444444444
0 0.6635416666666667 0.46064814814814814 0.01666666666666672 0.08981481481481479
0 0.35520833333333335 0.513425925925926 0.029166666666666674 0.17685185185185187
0 0.28151041666666665 0.538888888888889 0.027604166666666652 0.21666666666666667
0 0.29401041666666666 0.4740740740740741 0.016145833333333304 0.08518518518518525
