0 0.7658854166666667 0.5625 0.06822916666666667 0.35833333333333334
0 0.8153645833333334 0.5527777777777778 0.07135416666666672 0.3185185185185185
0 0.5385416666666667 0.4444444444444444 0.022916666666666696 0.08888888888888885
0 0.49739583333333337 0.44074074074074077 0.019791666666666707 0.07407407407407407
0 0.7276041666666666 0.461574074074074 0.028125000000000067 0.11388888888888887
0 0.26197916666666665 0.5402777777777777 0.06666666666666665 0.262037037037037
0 0.32734375 0.5342592592592592 0.04531249999999998 0.2444444444444444
0 0.66328125 0.46064814814814814 0.017187500000000022 0.08981481481481479
0 0.35390625 0.5120370370370371 0.028645833333333315 0.17592592592592593
0 0.2791666666666667 0.5370370370370371 0.025000000000000022 0.21481481481481485
0 0.29374999999999996 0.4745370370370371 0.016666666666666663 0.08425925925925931
