0 0.49505208333333334 0.44351851851851853 0.017187500000000022 0.07777777777777778
0 0.3140625 0.5768518518518518 0.06354166666666666 0.34074074074074073
0 0.36223958333333334 0.549074074074074 0.04947916666666663 0.2777777777777778
0 0.39921874999999996 0.4671296296296296 0.02656249999999999 0.11388888888888882
0 0.2890625 0.4703703703703704 0.03229166666666672 0.10925925925925928
0 0.5317708333333333 0.44953703703703707 0.017708333333333326 0.06759259259259259
0 0.6630208333333334 0.4597222222222222 0.02083333333333337 0.08796296296296291
0 0.41171875 0.5287037037037037 0.0390625 0.21666666666666667
0 0.24687499999999998 0.4805555555555555 0.020833333333333315 0.09074074074074073
0 0.29401041666666666 0.6532407407407408 0.02864583333333337 0.0805555555555556
