0 0.88671875 0.5782407407407408 0.0942708333333333 0.4175925925925926
0 0.9502604166666666 0.5694444444444444 0.09947916666666667 0.3703703703703704
0 0.7653645833333333 0.45787037037037037 0.016145833333333304 0.1157407407407407
0 0.4947916666666667 0.44166666666666665 0.01666666666666672 0.07222222222222224
0 0.27708333333333335 0.5472222222222223 0.05833333333333335 0.2814814814814815
0 0.5377604166666667 0.44953703703703707 0.01822916666666663 0.07870370370370366
0 0.3372395833333333 0.537037037037037 0.041145833333333326 0.24814814814814812
0 0.6611979166666666 0.45972222222222225 0.014062499999999978 0.08981481481481485
0 0.30989583333333337 0.4842592592592593 0.016666666666666663 0.12222222222222223
0 0.36432291666666666 0.5300925925925926 0.020312499999999956 0.15462962962962962
