0 0.9208333333333334 0.587962962962963 0.14270833333333333 0.43148148148148147
0 0.96640625 0.5736111111111111 0.06718749999999996 0.3787037037037037
0 0.7710937499999999 0.45787037037037037 0.02864583333333337 0.1157407407407407
0 0.4947916666666667 0.44212962962962965 0.01666666666666672 0.07314814814814813
0 0.27838541666666666 0.5513888888888889 0.056770833333333326 0.2861111111111111
0 0.5354166666666667 0.4462962962962963 0.02083333333333326 0.07592592592592595
0 0.34010416666666665 0.5365740740740741 0.041666666666666685 0.24907407407407406
0 0.6619791666666667 0.45972222222222225 0.014583333333333393 0.08981481481481485
0 0.31328125 0.4842592592592593 0.019270833333333348 0.12222222222222223
0 0.3653645833333333 0.5171296296296296 0.03281250000000002 0.18055555555555552
0 0.9026041666666667 0.7087962962962964 0.027083333333333348 0.06759259259259254
