0 0.7494791666666667 0.5648148148148149 0.09375 0.35370370370370374
0 0.5395833333333333 0.4439814814814815 0.023958333333333304 0.08981481481481479
0 0.8041666666666667 0.5560185185185185 0.0708333333333333 0.312037037037037
0 0.4986979166666667 0.44074074074074077 0.021354166666666674 0.07407407407407407
0 0.5833333333333334 0.45740740740740743 0.019791666666666652 0.10370370370370374
0 0.2596354166666667 0.5398148148148149 0.060937500000000006 0.2611111111111111
0 0.32734375 0.5347222222222222 0.04531249999999998 0.24351851851851847
0 0.66328125 0.46064814814814814 0.017187500000000022 0.08981481481481479
0 0.3505208333333333 0.5106481481481482 0.030208333333333337 0.17129629629629634
0 0.2942708333333333 0.47175925925925927 0.017708333333333326 0.09166666666666667
0 0.27864583333333337 0.5166666666666666 0.026041666666666685 0.17592592592592593
