0 0.3364583333333333 0.5893518518518519 0.07604166666666662 0.3805555555555556
0 0.3846354166666667 0.5555555555555556 0.04843750000000002 0.30185185185185187
0 0.4591145833333333 0.4648148148148148 0.025520833333333326 0.11851851851851847
0 0.5057291666666667 0.4449074074074074 0.018750000000000044 0.07870370370370372
0 0.6466145833333333 0.4597222222222222 0.0234375 0.08796296296296291
0 0.4408854166666667 0.5356481481481482 0.04322916666666671 0.237962962962963
0 0.26536458333333335 0.48194444444444445 0.017187500000000022 0.09722222222222221
0 0.23203125 0.48055555555555557 0.022395833333333337 0.09259259259259267
0 0.4627604166666667 0.5782407407407408 0.02031250000000001 0.08240740740740737
0 0.31328125 0.6712962962962963 0.014062499999999978 0.09444444444444444
