0 0.31953125000000004 0.6097222222222223 0.08281250000000001 0.4324074074074074
0 0.40885416666666663 0.5611111111111111 0.05937500000000001 0.3148148148148148
0 0.48671875 0.5199074074074074 0.03489583333333329 0.23240740740740734
0 0.3627604166666667 0.5712962962962963 0.04010416666666666 0.3222222222222222
0 0.45781249999999996 0.5449074074074074 0.04375000000000001 0.26203703703703707
0 0.6312500000000001 0.46111111111111114 0.017708333333333326 0.08888888888888885
0 0.596875 0.4611111111111111 0.015625 0.08518518518518514
0 0.2713541666666667 0.4708333333333333 0.016666666666666663 0.09537037037037033
0 0.2546875 0.4824074074074074 0.01458333333333331 0.10000000000000003
0 0.22317708333333333 0.48148148148148145 0.029687499999999978 0.09444444444444444
