0 0.32942708333333337 0.6111111111111112 0.08281250000000001 0.42592592592592593
0 0.47942708333333334 0.5166666666666666 0.036979166666666674 0.22407407407407404
0 0.40364583333333337 0.5629629629629629 0.06354166666666666 0.30925925925925923
0 0.50859375 0.4462962962962963 0.018229166666666685 0.07407407407407407
0 0.634375 0.4597222222222222 0.016666666666666607 0.08796296296296291
0 0.45390625 0.5458333333333334 0.041145833333333326 0.25462962962962965
0 0.5963541666666667 0.4615740740740741 0.01666666666666672 0.08240740740740737
0 0.2703125 0.4703703703703703 0.017708333333333326 0.09629629629629627
0 0.25859375 0.4824074074074074 0.019270833333333348 0.10000000000000003
0 0.225 0.4810185185185185 0.02812500000000001 0.09351851851851856
0 0.3606770833333333 0.6810185185185185 0.019270833333333348 0.09722222222222221
