0 0.31927083333333334 0.6097222222222223 0.0854166666666667 0.4324074074074074
0 0.4140625 0.5606481481481482 0.05729166666666663 0.31574074074074077
0 0.49557291666666664 0.5194444444444445 0.041145833333333326 0.23148148148148145
0 0.3653645833333333 0.5712962962962963 0.04322916666666665 0.3203703703703704
0 0.46197916666666666 0.5444444444444444 0.04270833333333335 0.25925925925925924
0 0.6291666666666667 0.46064814814814814 0.016666666666666607 0.08981481481481479
0 0.59921875 0.46064814814814814 0.015104166666666696 0.08611111111111108
0 0.27213541666666663 0.4712962962962963 0.01510416666666664 0.09629629629629632
0 0.25390625 0.4828703703703704 0.013020833333333343 0.10092592592592592
0 0.22578125 0.4814814814814815 0.024479166666666663 0.09259259259259262
