0 0.3208333333333333 0.6106481481481482 0.08541666666666664 0.4324074074074074
0 0.40703125 0.5597222222222222 0.05885416666666665 0.3157407407407407
0 0.48906250000000007 0.5175925925925926 0.03958333333333336 0.23148148148148145
0 0.36406249999999996 0.5712962962962963 0.03437499999999999 0.3185185185185185
0 0.45729166666666665 0.5453703703703704 0.04270833333333335 0.2592592592592593
0 0.6317708333333334 0.46111111111111114 0.018749999999999933 0.08888888888888885
0 0.596875 0.462037037037037 0.015625 0.08333333333333326
0 0.2713541666666667 0.4708333333333333 0.016666666666666663 0.09537037037037033
0 0.25520833333333337 0.48194444444444445 0.014583333333333337 0.10092592592592597
0 0.22578125 0.48148148148148145 0.025520833333333354 0.09444444444444444
