0 0.32057291666666665 0.6101851851851852 0.08489583333333334 0.4314814814814815
0 0.41015625 0.5611111111111111 0.05989583333333337 0.3148148148148148
0 0.49166666666666664 0.5208333333333334 0.04166666666666663 0.23240740740740745
0 0.3643229166666667 0.5712962962962963 0.04010416666666666 0.3203703703703704
0 0.45989583333333334 0.5449074074074074 0.04166666666666663 0.26018518518518524
0 0.6309895833333333 0.46064814814814814 0.01718749999999991 0.08981481481481479
0 0.5981770833333333 0.4611111111111111 0.017187500000000022 0.08518518518518514
0 0.2716145833333333 0.4712962962962963 0.017187500000000022 0.09629629629629632
0 0.25416666666666665 0.4824074074074074 0.012500000000000011 0.10000000000000003
0 0.22291666666666665 0.48148148148148145 0.029166666666666646 0.09444444444444444
