0 0.32682291666666663 0.6101851851851852 0.08072916666666669 0.4296296296296296
0 0.48020833333333335 0.5157407407407407 0.036458333333333315 0.22592592592592586
0 0.4046875 0.5625 0.06145833333333334 0.3101851851851852
0 0.50859375 0.4467592592592593 0.018229166666666685 0.07500000000000001
0 0.63359375 0.46064814814814814 0.017187500000000022 0.08611111111111108
0 0.4546875 0.5472222222222223 0.04062499999999997 0.2555555555555556
0 0.5966145833333334 0.462037037037037 0.017187500000000022 0.08148148148148149
0 0.27083333333333337 0.4703703703703703 0.016666666666666663 0.09629629629629627
0 0.22421875000000002 0.4805555555555555 0.028645833333333343 0.09629629629629627
0 0.25807291666666665 0.4819444444444444 0.018229166666666685 0.09907407407407404
0 0.36015625 0.6754629629629629 0.019270833333333348 0.10833333333333328
