0 0.31927083333333334 0.6092592592592593 0.0854166666666667 0.43333333333333335
0 0.4153645833333333 0.5606481481481481 0.056770833333333326 0.3175925925925926
0 0.49635416666666665 0.5212962962962964 0.04062500000000008 0.2314814814814815
0 0.36614583333333334 0.5740740740740741 0.04270833333333335 0.32592592592592595
0 0.46328125 0.5444444444444444 0.04322916666666671 0.25925925925925924
0 0.62890625 0.46111111111111114 0.016145833333333304 0.08888888888888885
0 0.59921875 0.46064814814814814 0.015104166666666696 0.08611111111111108
0 0.27109375 0.4703703703703704 0.017187499999999967 0.09444444444444444
0 0.2546875 0.4824074074074074 0.013541666666666674 0.10185185185185186
0 0.22578125 0.4819444444444444 0.026562500000000017 0.0935185185185185
