0 0.37135416666666665 0.637962962962963 0.08437499999999998 0.5
0 0.44661458333333337 0.5699074074074074 0.05781249999999999 0.34351851851851856
0 0.55 0.5277777777777778 0.038541666666666585 0.24814814814814817
0 0.521875 0.5578703703703703 0.057291666666666685 0.2824074074074074
0 0.6059895833333333 0.4638888888888889 0.01822916666666663 0.08703703703703702
0 0.30989583333333337 0.49537037037037035 0.030208333333333337 0.14814814814814814
0 0.26249999999999996 0.4717592592592592 0.016666666666666663 0.0935185185185185
0 0.24895833333333334 0.4824074074074074 0.017708333333333326 0.10185185185185186
0 0.22708333333333333 0.48148148148148145 0.020833333333333315 0.09444444444444444
0 0.4075520833333333 0.7106481481481481 0.027604166666666652 0.08981481481481479
