0 0.36744791666666665 0.6277777777777778 0.08697916666666666 0.48148148148148145
0 0.5458333333333334 0.5268518518518519 0.04062500000000002 0.2518518518518519
0 0.4434895833333333 0.5740740740740741 0.056770833333333326 0.34259259259259256
0 0.51796875 0.5541666666666667 0.0546875 0.28055555555555556
0 0.6091145833333333 0.4615740740740741 0.015104166666666696 0.09166666666666667
0 0.3104166666666667 0.49583333333333335 0.029166666666666674 0.1472222222222222
0 0.26328125 0.4722222222222222 0.01510416666666664 0.09259259259259256
0 0.25130208333333337 0.4833333333333333 0.014062500000000033 0.1018518518518518
0 0.22708333333333333 0.4810185185185185 0.020833333333333315 0.09351851851851856
0 0.4018229166666667 0.7087962962962964 0.02656249999999999 0.09166666666666667
