0 0.32135416666666666 0.6101851851851852 0.08333333333333337 0.4333333333333333
0 0.40755208333333337 0.5606481481481482 0.059895833333333315 0.31574074074074077
0 0.48776041666666664 0.5166666666666666 0.041145833333333326 0.22777777777777775
0 0.36432291666666666 0.5717592592592593 0.029687499999999978 0.31759259259259254
0 0.4565104166666667 0.5458333333333334 0.04218749999999999 0.25833333333333336
0 0.6325520833333333 0.46064814814814814 0.01822916666666674 0.08796296296296297
0 0.5966145833333334 0.4611111111111111 0.015104166666666585 0.08518518518518514
0 0.2713541666666667 0.4708333333333333 0.016666666666666663 0.09537037037037033
0 0.2557291666666667 0.48148148148148145 0.015625 0.09999999999999998
0 0.2234375 0.48148148148148145 0.029166666666666646 0.09444444444444444
