0 0.35260416666666666 0.6217592592592592 0.1010416666666667 0.45462962962962966
0 0.53203125 0.524537037037037 0.052604166666666674 0.2453703703703704
0 0.4330729166666667 0.576388888888889 0.05572916666666666 0.33981481481481485
0 0.4927083333333333 0.55 0.04999999999999999 0.27222222222222225
0 0.61484375 0.4615740740740741 0.020312499999999956 0.09166666666666667
0 0.3109375 0.46851851851851856 0.027083333333333293 0.09259259259259262
0 0.2604166666666667 0.4722222222222222 0.019791666666666652 0.09259259259259256
0 0.38776041666666666 0.4824074074074074 0.02864583333333337 0.10370370370370363
0 0.25078125 0.4824074074074074 0.015104166666666696 0.10185185185185186
0 0.22682291666666665 0.48148148148148145 0.021354166666666646 0.09444444444444444
