0 0.3302083333333333 0.612037037037037 0.08020833333333333 0.42407407407407405
0 0.47760416666666666 0.5171296296296296 0.034375000000000044 0.2231481481481481
0 0.4028645833333333 0.5625 0.06510416666666669 0.3101851851851852
0 0.5083333333333333 0.4476851851851852 0.01770833333333338 0.07685185185185184
0 0.6348958333333333 0.4597222222222222 0.015625 0.08796296296296291
0 0.45338541666666665 0.5449074074074074 0.04010416666666666 0.25092592592592594
0 0.5955729166666667 0.4615740740740741 0.016145833333333304 0.08240740740740737
0 0.26927083333333335 0.4703703703703703 0.019791666666666652 0.09629629629629627
0 0.25885416666666666 0.4824074074074074 0.018750000000000017 0.10000000000000003
0 0.22473958333333333 0.4810185185185185 0.028645833333333343 0.09351851851851856
0 0.36041666666666666 0.6824074074074074 0.017708333333333326 0.09444444444444444
