0 0.3765625 0.6393518518518518 0.08124999999999999 0.5027777777777778
0 0.45651041666666664 0.5736111111111111 0.0703125 0.3435185185185185
0 0.5591145833333333 0.5328703703703703 0.04843750000000002 0.25462962962962965
0 0.5247395833333334 0.5606481481481482 0.05885416666666671 0.28981481481481486
0 0.6041666666666667 0.4625 0.01666666666666672 0.08981481481481485
0 0.6203125 0.461574074074074 0.015625 0.08796296296296297
0 0.31015625 0.4962962962962963 0.029687500000000033 0.14629629629629626
0 0.2622395833333333 0.4722222222222222 0.01614583333333336 0.09259259259259256
0 0.24791666666666667 0.4828703703703704 0.017708333333333326 0.10092592592592592
0 0.22682291666666665 0.48148148148148145 0.021354166666666646 0.09444444444444444
0 0.4109375 0.7148148148148148 0.027083333333333348 0.09259259259259256
