0 0.36979166666666663 0.6351851851851852 0.08541666666666664 0.49444444444444446
0 0.4447916666666667 0.5708333333333333 0.05624999999999997 0.3416666666666667
0 0.54765625 0.5263888888888889 0.036979166666666674 0.25277777777777777
0 0.5216145833333333 0.5555555555555556 0.05677083333333338 0.2814814814814815
0 0.60703125 0.462037037037037 0.019270833333333348 0.09259259259259256
0 0.30963541666666666 0.49583333333333335 0.029687499999999978 0.1472222222222222
0 0.26197916666666665 0.4722222222222222 0.017708333333333326 0.09259259259259256
0 0.24921875 0.4824074074074074 0.017187499999999994 0.10185185185185186
0 0.22708333333333333 0.48148148148148145 0.020833333333333315 0.09444444444444444
0 0.40625 0.7101851851851853 0.027083333333333348 0.09074074074074068
