0 0.33671874999999996 0.587037037037037 0.07552083333333331 0.374074074074074
0 0.38359374999999996 0.5555555555555556 0.049479166666666685 0.30185185185185187
0 0.4588541666666667 0.4638888888888889 0.023958333333333304 0.11851851851851852
0 0.5052083333333333 0.4458333333333333 0.018749999999999933 0.08055555555555555
0 0.3197916666666667 0.4356481481481481 0.020833333333333315 0.04722222222222222
0 0.43984375 0.5361111111111111 0.04322916666666671 0.23888888888888887
0 0.6471354166666666 0.46018518518518514 0.0234375 0.08703703703703697
0 0.26432291666666663 0.4800925925925926 0.02031250000000001 0.09907407407407409
0 0.23307291666666666 0.4800925925925926 0.0234375 0.09351851851851856
0 0.31328125 0.6703703703703703 0.014062499999999978 0.09444444444444444
