0 0.35234374999999996 0.6199074074074074 0.10052083333333334 0.4546296296296296
0 0.5330729166666667 0.5259259259259259 0.05052083333333335 0.24629629629629624
0 0.4341145833333333 0.575462962962963 0.05572916666666666 0.34166666666666673
0 0.49531250000000004 0.55 0.04791666666666666 0.27222222222222225
0 0.6140625 0.462037037037037 0.019791666666666652 0.09074074074074073
0 0.2630208333333333 0.4717592592592592 0.013541666666666674 0.0935185185185185
0 0.309375 0.47314814814814815 0.025000000000000022 0.09444444444444444
0 0.25130208333333337 0.4824074074074074 0.01614583333333336 0.10185185185185186
0 0.22682291666666665 0.4819444444444444 0.021354166666666646 0.0935185185185185
0 0.39036458333333335 0.48472222222222217 0.028645833333333315 0.09907407407407404
