0 0.38255208333333335 0.6393518518518518 0.08072916666666669 0.49722222222222223
0 0.4669270833333333 0.575462962962963 0.08072916666666669 0.34166666666666673
0 0.5645833333333333 0.5342592592592592 0.046875 0.2574074074074074
0 0.5278645833333333 0.5601851851851852 0.051562499999999956 0.2907407407407408
0 0.6041666666666667 0.462037037037037 0.01666666666666672 0.09259259259259256
0 0.6260416666666667 0.461574074074074 0.015625 0.08796296296296297
0 0.31145833333333334 0.49537037037037035 0.029166666666666674 0.14814814814814814
0 0.26171875 0.4731481481481482 0.016145833333333304 0.09259259259259262
0 0.24791666666666667 0.4824074074074074 0.017708333333333326 0.10185185185185186
0 0.22708333333333333 0.48148148148148145 0.020833333333333315 0.09444444444444444
0 0.4140625 0.7189814814814814 0.021874999999999978 0.09907407407407409
