0 0.36640625 0.6240740740740741 0.08802083333333333 0.4703703703703704
0 0.5419270833333334 0.5277777777777778 0.03802083333333328 0.25
0 0.44244791666666666 0.5745370370370371 0.056770833333333326 0.3416666666666666
0 0.5140625 0.5537037037037037 0.05104166666666665 0.28148148148148144
0 0.6091145833333333 0.46111111111111114 0.01822916666666674 0.09259259259259262
0 0.3106770833333333 0.49583333333333335 0.02864583333333337 0.14537037037037037
0 0.2640625 0.4722222222222222 0.013541666666666674 0.0944444444444445
0 0.2515625 0.4833333333333333 0.014583333333333337 0.1018518518518518
0 0.22708333333333333 0.4810185185185185 0.020833333333333315 0.09351851851851856
0 0.3984375 0.7074074074074074 0.022916666666666696 0.08703703703703702
