0 0.37786458333333334 0.6398148148148148 0.08072916666666663 0.5018518518518518
0 0.559375 0.5291666666666667 0.04791666666666672 0.25648148148148153
0 0.46015625000000004 0.5745370370370371 0.07343749999999999 0.3416666666666666
0 0.5825520833333333 0.4564814814814815 0.019270833333333348 0.10185185185185186
0 0.5255208333333333 0.5606481481481482 0.057291666666666685 0.28981481481481486
0 0.6046875 0.4615740740740741 0.01666666666666672 0.09166666666666667
0 0.6231770833333333 0.461574074074074 0.01718749999999991 0.08796296296296297
0 0.3104166666666667 0.49537037037037035 0.029166666666666674 0.14814814814814814
0 0.26171875 0.4722222222222222 0.017187500000000022 0.09259259259259256
0 0.24765625 0.4824074074074074 0.017187499999999967 0.10185185185185186
0 0.22708333333333333 0.48148148148148145 0.020833333333333315 0.09444444444444444
0 0.4122395833333333 0.7171296296296297 0.025520833333333326 0.09722222222222221
