0 0.36484375 0.6199074074074074 0.08802083333333333 0.4638888888888889
0 0.5416666666666667 0.5273148148148148 0.04375000000000007 0.24907407407407411
0 0.44114583333333335 0.5745370370370371 0.05625000000000002 0.3416666666666666
0 0.509375 0.5532407407407407 0.04583333333333339 0.28055555555555556
0 0.6109375 0.4615740740740741 0.014583333333333393 0.09166666666666667
0 0.3106770833333333 0.4944444444444444 0.02864583333333337 0.14074074074074072
0 0.2640625 0.4712962962962963 0.013541666666666674 0.09259259259259262
0 0.25026041666666665 0.4828703703703704 0.017187499999999994 0.10092592592592592
0 0.2265625 0.48148148148148145 0.020833333333333315 0.09444444444444444
0 0.39609375 0.7064814814814815 0.021354166666666674 0.08703703703703702
