0 0.32682291666666663 0.6106481481481482 0.07968749999999997 0.4305555555555556
0 0.48125 0.5148148148148148 0.03749999999999998 0.22592592592592592
0 0.4044270833333333 0.5620370370370371 0.061979166666666696 0.312962962962963
0 0.3614583333333333 0.4740740740740741 0.02812500000000001 0.11851851851851852
0 0.6333333333333333 0.4597222222222222 0.017708333333333326 0.08796296296296291
0 0.4552083333333333 0.5467592592592593 0.04062500000000002 0.25648148148148153
0 0.5971354166666667 0.46249999999999997 0.016145833333333304 0.08240740740740737
0 0.27083333333333337 0.4703703703703703 0.016666666666666663 0.09629629629629627
0 0.2578125 0.4824074074074074 0.018750000000000017 0.10000000000000003
0 0.22421875000000002 0.48148148148148145 0.028645833333333343 0.09444444444444444
0 0.3606770833333333 0.6560185185185186 0.019270833333333348 0.1435185185185185
