0 0.36067708333333337 0.6194444444444445 0.09218750000000003 0.4574074074074074
0 0.43828124999999996 0.5745370370370371 0.05572916666666666 0.3416666666666666
0 0.5367187499999999 0.5291666666666667 0.04427083333333337 0.2453703703703704
0 0.58125 0.4569444444444445 0.018749999999999933 0.10092592592592592
0 0.5033854166666667 0.5532407407407407 0.044270833333333315 0.2842592592592593
0 0.6125 0.4625 0.015625 0.08981481481481485
0 0.31171875000000004 0.49351851851851847 0.02656249999999999 0.137037037037037
0 0.2635416666666667 0.4722222222222222 0.014583333333333337 0.09259259259259256
0 0.25052083333333336 0.4824074074074074 0.017708333333333354 0.10185185185185186
0 0.22682291666666665 0.4814814814814815 0.021354166666666646 0.09259259259259262
