0 0.38020833333333337 0.6375 0.08124999999999999 0.500925925925926
0 0.4640625 0.575 0.07708333333333328 0.34074074074074073
0 0.5627604166666667 0.5333333333333333 0.046354166666666696 0.2574074074074075
0 0.5268229166666667 0.5597222222222222 0.054687500000000056 0.29166666666666674
0 0.6044270833333334 0.462037037037037 0.016145833333333415 0.09074074074074073
0 0.6236979166666667 0.461574074074074 0.014062499999999978 0.08796296296296297
0 0.31119791666666663 0.49537037037037035 0.029687500000000033 0.14814814814814814
0 0.26197916666666665 0.4726851851851852 0.016666666666666663 0.09351851851851856
0 0.24791666666666667 0.4824074074074074 0.017708333333333326 0.10185185185185186
0 0.22708333333333333 0.48148148148148145 0.020833333333333315 0.09444444444444444
0 0.4135416666666667 0.7180555555555556 0.02291666666666664 0.09907407407407409
