0 0.3510416666666667 0.6212962962962962 0.10416666666666669 0.45370370370370366
0 0.5302083333333334 0.5231481481481481 0.05208333333333337 0.24259259259259264
0 0.43229166666666663 0.5768518518518518 0.05520833333333336 0.33888888888888896
0 0.49062500000000003 0.55 0.05208333333333337 0.27222222222222225
0 0.38567708333333334 0.47638888888888886 0.030729166666666696 0.11944444444444441
0 0.6153645833333334 0.462037037037037 0.021354166666666674 0.09074074074074073
0 0.3125 0.4638888888888889 0.027083333333333348 0.08333333333333331
0 0.26197916666666665 0.4722222222222222 0.016666666666666663 0.09259259259259256
0 0.2520833333333333 0.4824074074074074 0.013541666666666674 0.10185185185185186
0 0.2265625 0.48148148148148145 0.020833333333333315 0.09444444444444444
0 0.38333333333333336 0.6199074074074074 0.015625 0.12870370370370365
