0 0.32578125 0.6101851851851852 0.07864583333333336 0.4333333333333333
0 0.4861979166666667 0.5157407407407407 0.042187500000000044 0.22592592592592586
0 0.40520833333333334 0.5620370370370371 0.060416666666666674 0.312962962962963
0 0.50859375 0.4462962962962963 0.018229166666666685 0.07407407407407407
0 0.36302083333333335 0.4865740740740741 0.029166666666666674 0.14166666666666672
0 0.4559895833333333 0.5462962962962963 0.04010416666666666 0.2574074074074075
0 0.5973958333333333 0.461574074074074 0.017708333333333326 0.08796296296296297
0 0.6333333333333333 0.46111111111111114 0.017708333333333326 0.08703703703703708
0 0.27109375 0.4703703703703703 0.017187499999999967 0.09629629629629627
0 0.25755208333333335 0.4824074074074074 0.018229166666666657 0.10000000000000003
0 0.22473958333333333 0.48148148148148145 0.028645833333333343 0.09444444444444444
0 0.36041666666666666 0.6481481481481481 0.019791666666666652 0.16481481481481475
