0 0.3729166666666667 0.6398148148148148 0.08333333333333337 0.5037037037037038
0 0.55 0.5287037037037037 0.03645833333333337 0.2574074074074074
0 0.44921875 0.5736111111111111 0.05989583333333337 0.3416666666666667
0 0.58203125 0.4564814814814815 0.019270833333333348 0.10000000000000003
0 0.5229166666666667 0.5583333333333333 0.05729166666666663 0.2851851851851852
0 0.60546875 0.4629629629629629 0.01718749999999991 0.09074074074074073
0 0.31015625 0.49444444444444446 0.03072916666666664 0.1518518518518519
0 0.6174479166666667 0.4638888888888889 0.019270833333333348 0.08333333333333331
0 0.26249999999999996 0.4722222222222222 0.016666666666666663 0.09259259259259256
0 0.24843749999999998 0.4824074074074074 0.017708333333333298 0.10185185185185186
0 0.22682291666666665 0.48148148148148145 0.021354166666666646 0.09444444444444444
0 0.40937500000000004 0.7111111111111111 0.02812500000000001 0.09074074074074079
