0 0.3236979166666667 0.6101851851851852 0.08385416666666662 0.4333333333333333
0 0.4864583333333333 0.5152777777777777 0.04062499999999997 0.22499999999999998
0 0.40625 0.5620370370370371 0.059374999999999956 0.312962962962963
0 0.3640625 0.47777777777777775 0.03125 0.12592592592592594
0 0.45677083333333335 0.5458333333333334 0.04062500000000002 0.25833333333333336
0 0.6330729166666667 0.46111111111111114 0.017187500000000022 0.08703703703703708
0 0.5971354166666667 0.462037037037037 0.016145833333333304 0.08333333333333326
0 0.27083333333333337 0.4703703703703703 0.016666666666666663 0.09629629629629627
0 0.25703125 0.4819444444444444 0.017187499999999994 0.09907407407407404
0 0.22395833333333334 0.48148148148148145 0.030208333333333337 0.09444444444444444
0 0.3598958333333333 0.6370370370370371 0.019791666666666707 0.18518518518518523
