0 0.3197916666666667 0.6074074074074074 0.08645833333333336 0.4314814814814815
0 0.4125 0.5601851851851852 0.05937500000000001 0.3166666666666667
0 0.4932291666666666 0.5208333333333333 0.04270833333333329 0.2305555555555555
0 0.3653645833333333 0.5708333333333333 0.041145833333333326 0.3194444444444444
0 0.46067708333333335 0.5449074074074074 0.04218749999999999 0.26018518518518524
0 0.6302083333333333 0.46157407407407414 0.017708333333333326 0.08981481481481485
0 0.5984375 0.4611111111111111 0.014583333333333282 0.08518518518518514
0 0.2716145833333333 0.4689814814814815 0.017187500000000022 0.09722222222222221
0 0.25390625 0.4828703703703704 0.013020833333333343 0.09907407407407409
0 0.22447916666666667 0.4814814814814815 0.02708333333333332 0.09259259259259262
