0 0.375 0.6416666666666666 0.08229166666666665 0.5092592592592593
0 0.45286458333333335 0.5740740740740741 0.06406250000000002 0.34259259259259256
0 0.5541666666666667 0.5314814814814814 0.043749999999999956 0.2555555555555555
0 0.5236979166666667 0.5606481481481481 0.05885416666666665 0.2879629629629629
0 0.6052083333333333 0.462037037037037 0.017708333333333326 0.09074074074074073
0 0.6197916666666667 0.46296296296296297 0.014583333333333282 0.08518518518518514
0 0.31015625 0.49537037037037035 0.029687500000000033 0.14814814814814814
0 0.26197916666666665 0.4722222222222222 0.016666666666666663 0.09259259259259256
0 0.2484375 0.4824074074074074 0.016666666666666663 0.10185185185185186
0 0.22682291666666665 0.48148148148148145 0.021354166666666646 0.09444444444444444
0 0.41041666666666665 0.712037037037037 0.02812500000000001 0.09259259259259256
