0 0.3690104166666667 0.6305555555555555 0.0859375 0.48518518518518516
0 0.5479166666666666 0.5268518518518519 0.04270833333333324 0.2518518518518519
0 0.44453125 0.5740740740740741 0.056770833333333326 0.34259259259259256
0 0.58203125 0.4569444444444445 0.019270833333333348 0.10092592592592592
0 0.5203125 0.5546296296296296 0.05625000000000002 0.2796296296296296
0 0.30989583333333337 0.49537037037037035 0.030208333333333337 0.14814814814814814
0 0.2622395833333333 0.4726851851851852 0.01614583333333336 0.09351851851851856
0 0.24973958333333335 0.4833333333333333 0.017187500000000022 0.1018518518518518
0 0.22708333333333333 0.4810185185185185 0.020833333333333315 0.09351851851851856
0 0.4044270833333333 0.7064814814814815 0.027604166666666652 0.09074074074074079
