0 0.3328125 0.612037037037037 0.08229166666666665 0.4222222222222223
0 0.47760416666666666 0.5175925925925926 0.034375000000000044 0.22222222222222215
0 0.40208333333333335 0.5601851851851851 0.06666666666666665 0.3055555555555555
0 0.5083333333333333 0.44675925925925924 0.01770833333333338 0.07685185185185184
0 0.6361979166666667 0.4597222222222222 0.014062499999999978 0.08796296296296291
0 0.4526041666666667 0.5425925925925926 0.04062499999999997 0.25000000000000006
0 0.59453125 0.46064814814814814 0.015104166666666585 0.08425925925925926
0 0.26927083333333335 0.4703703703703703 0.01874999999999999 0.09629629629629627
0 0.259375 0.4824074074074074 0.01874999999999999 0.10000000000000003
0 0.22526041666666669 0.4810185185185185 0.029687500000000006 0.09351851851851856
