0 0.39375000000000004 0.6527777777777778 0.08854166666666669 0.5259259259259259
0 0.5755208333333334 0.5347222222222222 0.04270833333333335 0.2657407407407408
0 0.47109375000000003 0.5787037037037037 0.07552083333333337 0.35185185185185186
0 0.5466145833333333 0.5587962962962963 0.04843750000000002 0.29351851851851857
0 0.60078125 0.4615740740740741 0.014062499999999978 0.09166666666666667
0 0.6276041666666667 0.462037037037037 0.01666666666666672 0.09074074074074073
0 0.3182291666666667 0.499537037037037 0.030208333333333337 0.1509259259259259
0 0.26015625 0.4722222222222222 0.018229166666666685 0.0944444444444445
0 0.24583333333333335 0.4824074074074074 0.017708333333333354 0.10185185185185186
0 0.22473958333333333 0.48148148148148145 0.0234375 0.09444444444444444
