0 0.4067708333333333 0.6513888888888889 0.08437500000000003 0.537962962962963
0 0.5971354166666667 0.5305555555555556 0.04010416666666672 0.26481481481481484
0 0.4895833333333333 0.5773148148148148 0.06562499999999993 0.35648148148148145
0 0.5447916666666667 0.45092592592592595 0.02187500000000009 0.07777777777777778
0 0.63359375 0.4615740740740741 0.016145833333333415 0.09166666666666667
0 0.5739583333333333 0.5648148148148148 0.08437499999999998 0.2962962962962962
0 0.27630208333333334 0.4717592592592592 0.016145833333333304 0.09907407407407404
0 0.3221354166666667 0.4981481481481481 0.025520833333333326 0.15185185185185185
0 0.2591145833333333 0.4726851851851852 0.01927083333333332 0.09351851851851856
0 0.24244791666666668 0.47777777777777775 0.01614583333333336 0.09074074074074073
0 0.22421875 0.4819444444444444 0.021354166666666674 0.0935185185185185
