0 0.5041666666666667 0.4865740740740741 0.0708333333333333 0.22870370370370374
0 0.68671875 0.4824074074074074 0.026562499999999933 0.18148148148148152
0 0.5393229166666667 0.4740740740740741 0.03802083333333339 0.14999999999999997
0 0.4434895833333333 0.6092592592592593 0.06718750000000001 0.412962962962963
0 0.675 0.575462962962963 0.078125 0.33796296296296297
0 0.3510416666666667 0.5023148148148149 0.03437499999999999 0.16759259259259263
0 0.25442708333333336 0.4731481481481481 0.01614583333333333 0.09629629629629627
0 0.22578125 0.48055555555555557 0.018229166666666657 0.10370370370370374
0 0.5598958333333334 0.687962962962963 0.038541666666666696 0.18888888888888888
0 0.5151041666666667 0.8523148148148147 0.05312499999999998 0.22499999999999998
