0 0.5643229166666667 0.6689814814814815 0.07656250000000009 0.5935185185185186
0 0.8174479166666666 0.5578703703703703 0.08072916666666663 0.3453703703703703
0 0.48984375 0.624537037037037 0.08177083333333335 0.46203703703703697
0 0.76640625 0.5263888888888889 0.08177083333333335 0.25833333333333336
0 0.8557291666666667 0.6078703703703704 0.12395833333333339 0.41759259259259257
0 0.5908854166666666 0.4708333333333333 0.03489583333333324 0.125
0 0.4106770833333333 0.5060185185185185 0.03072916666666664 0.18796296296296294
0 0.6161458333333334 0.462037037037037 0.019791666666666763 0.09629629629629632
0 0.7236979166666666 0.462037037037037 0.025520833333333326 0.0944444444444445
0 0.20989583333333334 0.4824074074074074 0.021875000000000006 0.10370370370370363
0 0.22578125 0.4819444444444444 0.0234375 0.0935185185185185
0 0.8559895833333333 0.7148148148148148 0.026562500000000044 0.062962962962963
