0 0.5375 0.6703703703703704 0.08229166666666665 0.5981481481481481
0 0.9109375 0.5444444444444445 0.09999999999999998 0.30925925925925923
0 0.5703125 0.47268518518518515 0.043749999999999956 0.16388888888888886
0 0.46458333333333335 0.6282407407407408 0.06354166666666666 0.4527777777777778
0 0.7447916666666666 0.587962962962963 0.0708333333333333 0.3685185185185185
0 0.5932291666666667 0.46296296296296297 0.02083333333333337 0.0981481481481482
0 0.3703125 0.5069444444444444 0.029166666666666674 0.17314814814814816
0 0.275 0.4722222222222222 0.015625 0.0981481481481481
0 0.24895833333333334 0.4736111111111111 0.018750000000000017 0.09907407407407409
0 0.21770833333333334 0.4824074074074074 0.016666666666666663 0.10185185185185186
