0 0.5614583333333334 0.6708333333333334 0.07708333333333328 0.5972222222222222
0 0.8075520833333334 0.5041666666666667 0.046354166666666585 0.23796296296296293
0 0.7734375 0.524537037037037 0.05624999999999991 0.2712962962962963
0 0.48776041666666664 0.6263888888888889 0.08489583333333328 0.45462962962962966
0 0.5911458333333333 0.4740740740740741 0.03645833333333337 0.14444444444444443
0 0.8463541666666667 0.600462962962963 0.12708333333333333 0.3972222222222222
0 0.7177083333333334 0.46111111111111114 0.02604166666666663 0.09814814814814815
0 0.6125 0.4615740740740741 0.02083333333333337 0.09722222222222221
0 0.40234375 0.5055555555555555 0.036979166666666674 0.18148148148148152
0 0.27369791666666665 0.4722222222222222 0.01614583333333336 0.0981481481481481
0 0.24348958333333334 0.4759259259259259 0.014062500000000033 0.09444444444444444
0 0.21015625 0.48287037037037034 0.021354166666666646 0.10277777777777775
0 0.22552083333333334 0.4814814814814815 0.02395833333333333 0.09259259259259262
0 0.7854166666666667 0.6773148148148148 0.02083333333333326 0.10277777777777786
0 0.8372395833333333 0.7013888888888888 0.02447916666666672 0.06388888888888888
