0 0.5505208333333333 0.6708333333333334 0.07916666666666661 0.5972222222222222
0 0.77265625 0.4930555555555556 0.05052083333333335 0.20833333333333331
0 0.8479166666666667 0.5421296296296296 0.07916666666666661 0.3009259259259259
0 0.58515625 0.474537037037037 0.04427083333333337 0.16018518518518515
0 0.47552083333333334 0.625462962962963 0.07604166666666667 0.45648148148148154
0 0.7828125 0.5962962962962963 0.07499999999999996 0.3888888888888889
0 0.7036458333333333 0.46064814814814814 0.021874999999999978 0.09907407407407409
0 0.6041666666666667 0.46296296296296297 0.017708333333333326 0.09999999999999998
0 0.39296875 0.5060185185185185 0.04531250000000003 0.17685185185185187
0 0.27447916666666666 0.4726851851851852 0.015625 0.09907407407407409
0 0.2453125 0.4740740740740741 0.014583333333333365 0.09814814814814815
0 0.21328125 0.48287037037037034 0.02031250000000001 0.10277777777777775
0 0.22552083333333334 0.4819444444444444 0.02291666666666667 0.0935185185185185
