0 0.5002604166666667 0.5356481481481481 0.0859375 0.32870370370370366
0 0.67890625 0.47916666666666663 0.025520833333333326 0.16944444444444445
0 0.5427083333333333 0.5907407407407408 0.04791666666666661 0.38333333333333336
0 0.43619791666666663 0.6032407407407407 0.06093750000000003 0.3972222222222222
0 0.6544270833333333 0.5745370370370371 0.05052083333333335 0.3361111111111111
0 0.3481770833333333 0.5050925925925926 0.03489583333333329 0.1620370370370371
0 0.2559895833333333 0.4731481481481481 0.016145833333333304 0.09629629629629627
0 0.22786458333333331 0.48055555555555557 0.018229166666666657 0.10370370370370374
0 0.6794270833333333 0.6361111111111111 0.025520833333333326 0.12037037037037035
0 0.4609375 0.7638888888888888 0.03229166666666672 0.10185185185185186
0 0.5041666666666667 0.8439814814814814 0.07708333333333334 0.21203703703703702
