0 0.5518229166666666 0.6717592592592593 0.07864583333333341 0.5953703703703703
0 0.77578125 0.4916666666666667 0.047395833333333304 0.20555555555555555
0 0.8424479166666667 0.5425925925925926 0.07968750000000002 0.30185185185185187
0 0.58671875 0.4745370370370371 0.04218749999999993 0.16203703703703703
0 0.47760416666666666 0.6245370370370371 0.07708333333333328 0.45833333333333337
0 0.7877604166666667 0.5958333333333333 0.06510416666666663 0.387962962962963
0 0.7057291666666667 0.4601851851851852 0.02083333333333337 0.0981481481481482
0 0.6046875 0.462037037037037 0.019791666666666652 0.09629629629629632
0 0.24505208333333334 0.47175925925925927 0.015104166666666696 0.10092592592592597
0 0.3932291666666667 0.5074074074074074 0.046875 0.17222222222222228
0 0.27421875 0.4726851851851852 0.016145833333333304 0.09907407407407409
0 0.21276041666666667 0.48287037037037034 0.02031250000000001 0.10277777777777775
0 0.22526041666666666 0.4824074074074074 0.0234375 0.09259259259259256
