0 0.5541666666666667 0.6708333333333334 0.078125 0.5972222222222222
0 0.8216145833333333 0.4777777777777778 0.03385416666666663 0.17592592592592593
0 0.5872395833333333 0.475462962962963 0.04218749999999993 0.16203703703703703
0 0.47968750000000004 0.6245370370370371 0.07916666666666666 0.45833333333333337
0 0.8 0.5930555555555556 0.0625 0.39351851851851855
0 0.7096354166666667 0.4601851851851852 0.017187500000000022 0.0981481481481482
0 0.60625 0.4615740740740741 0.02083333333333337 0.09537037037037044
0 0.39609375 0.5074074074074074 0.044270833333333315 0.17407407407407405
0 0.27421875 0.4726851851851852 0.016145833333333304 0.09907407407407409
0 0.24453124999999998 0.4740740740740741 0.013020833333333343 0.09814814814814815
0 0.7710937499999999 0.5143518518518518 0.025520833333333326 0.16944444444444445
0 0.21171875 0.48287037037037034 0.020312499999999983 0.10277777777777775
0 0.22473958333333333 0.4824074074074074 0.0234375 0.09259259259259256
0 0.8427083333333334 0.6416666666666666 0.03437499999999993 0.05555555555555547
