0 0.47682291666666665 0.6490740740740741 0.12968749999999996 0.5481481481481482
0 0.5161458333333333 0.5898148148148148 0.06145833333333334 0.387037037037037
0 0.6546875 0.48287037037037034 0.03541666666666665 0.1694444444444444
0 0.42213541666666665 0.48657407407407405 0.05572916666666666 0.16203703703703698
0 0.6278645833333334 0.5768518518518518 0.07239583333333333 0.32962962962962966
0 0.3390625 0.500462962962963 0.029166666666666674 0.16203703703703703
0 0.2755208333333333 0.4717592592592592 0.015625 0.09907407407407404
0 0.23229166666666667 0.4824074074074074 0.017708333333333326 0.10185185185185186
0 0.6651041666666666 0.6402777777777777 0.03437499999999993 0.09537037037037044
0 0.41692708333333334 0.7671296296296296 0.02864583333333337 0.06944444444444442
