0 0.47135416666666663 0.650462962962963 0.14062499999999994 0.5453703703703704
0 0.5111979166666667 0.5902777777777778 0.06510416666666663 0.3861111111111111
0 0.6466145833333333 0.48611111111111105 0.03489583333333335 0.17777777777777776
0 0.4161458333333333 0.48194444444444445 0.04791666666666666 0.1527777777777778
0 0.6255208333333333 0.5726851851851852 0.0697916666666667 0.32129629629629625
0 0.3354166666666667 0.499537037037037 0.030208333333333337 0.16388888888888892
0 0.25703125 0.47314814814814815 0.015104166666666669 0.09444444444444444
0 0.23489583333333333 0.4819444444444444 0.021874999999999978 0.10462962962962957
0 0.6505208333333333 0.6370370370370371 0.02499999999999991 0.09629629629629632
0 0.4184895833333333 0.7685185185185185 0.03072916666666664 0.061111111111111116
