0 0.46901041666666665 0.6523148148148148 0.14427083333333335 0.5416666666666667
0 0.6440104166666667 0.537962962962963 0.035937499999999956 0.2888888888888889
0 0.5098958333333333 0.5902777777777778 0.06458333333333338 0.3879629629629629
0 0.4135416666666667 0.4805555555555555 0.04479166666666662 0.14814814814814808
0 0.62421875 0.5722222222222222 0.06822916666666667 0.32037037037037036
0 0.33463541666666663 0.5004629629629629 0.028645833333333315 0.16388888888888886
0 0.2760416666666667 0.4717592592592592 0.015625 0.09907407407407404
0 0.25677083333333334 0.47314814814814815 0.01458333333333331 0.09444444444444444
0 0.23515625 0.4819444444444444 0.022395833333333337 0.10462962962962957
0 0.41666666666666663 0.7685185185185186 0.02812500000000001 0.059259259259259234
