0 0.45989583333333334 0.6467592592592593 0.15104166666666663 0.5416666666666667
0 0.6328125 0.5365740740740741 0.03229166666666661 0.2805555555555555
0 0.50625 0.5907407407407408 0.06458333333333338 0.3851851851851852
0 0.40625 0.4703703703703703 0.03541666666666665 0.12592592592592594
0 0.60546875 0.5689814814814815 0.046354166666666696 0.3194444444444445
0 0.6479166666666667 0.462037037037037 0.01666666666666672 0.09259259259259256
0 0.27578125 0.4717592592592592 0.01614583333333336 0.09907407407407404
0 0.3309895833333333 0.5027777777777778 0.024479166666666663 0.1592592592592592
0 0.259375 0.47314814814814815 0.017708333333333326 0.09444444444444444
0 0.23593750000000002 0.4824074074074074 0.020833333333333343 0.10185185185185186
