0 0.40208333333333335 0.6509259259259259 0.07916666666666666 0.5351851851851852
0 0.58359375 0.5314814814814814 0.04010416666666661 0.26851851851851855
0 0.47630208333333335 0.5768518518518518 0.07239583333333327 0.35555555555555557
0 0.5682291666666666 0.5592592592592593 0.07604166666666667 0.2925925925925926
0 0.6302083333333333 0.4638888888888889 0.018749999999999933 0.08703703703703702
0 0.31953125000000004 0.4976851851851852 0.02656249999999999 0.1527777777777778
0 0.27578125 0.4726851851851852 0.01510416666666664 0.09907407407407409
0 0.2591145833333333 0.4726851851851852 0.01927083333333332 0.09351851851851856
0 0.24348958333333331 0.4828703703703704 0.015104166666666669 0.10092592592592592
0 0.22578125 0.48148148148148145 0.01927083333333332 0.09444444444444444
