0 0.53359375 0.6680555555555556 0.09218750000000003 0.5972222222222222
0 0.9677083333333334 0.5486111111111112 0.06458333333333333 0.3509259259259259
0 0.7145833333333333 0.462962962962963 0.02604166666666674 0.1388888888888889
0 0.45703125 0.6203703703703703 0.0630208333333333 0.4351851851851851
0 0.6958333333333333 0.5805555555555555 0.09895833333333337 0.35
0 0.5549479166666667 0.47916666666666663 0.03802083333333339 0.14351851851851855
0 0.359375 0.5037037037037038 0.03229166666666672 0.1740740740740741
0 0.2755208333333333 0.4717592592592592 0.015625 0.09907407407407404
0 0.25286458333333334 0.4745370370370371 0.01614583333333333 0.09537037037037038
0 0.225 0.4828703703703704 0.016666666666666663 0.09907407407407409
0 0.7354166666666666 0.6513888888888888 0.025000000000000022 0.11203703703703705
0 0.571875 0.7736111111111111 0.022916666666666696 0.06388888888888888
