0 0.5494791666666667 0.6708333333333334 0.07916666666666672 0.5972222222222222
0 0.84765625 0.5430555555555555 0.08697916666666661 0.30277777777777776
0 0.5846354166666667 0.47453703703703703 0.04427083333333337 0.16388888888888886
0 0.47291666666666665 0.625462962962963 0.07291666666666669 0.45648148148148154
0 0.7791666666666667 0.5972222222222222 0.08229166666666665 0.387037037037037
0 0.7005208333333333 0.46064814814814814 0.025000000000000022 0.09907407407407409
0 0.6033854166666667 0.4597222222222222 0.016145833333333304 0.09166666666666667
0 0.38932291666666663 0.5055555555555555 0.04010416666666666 0.17777777777777776
0 0.27421875 0.4726851851851852 0.016145833333333304 0.09907407407407409
0 0.2453125 0.4740740740740741 0.014583333333333365 0.09814814814814815
0 0.21328125 0.48287037037037034 0.019270833333333348 0.10277777777777775
0 0.22604166666666664 0.4819444444444444 0.02291666666666667 0.0935185185185185
0 0.75703125 0.5162037037037037 0.0234375 0.15833333333333327
