0 0.39166666666666666 0.6472222222222223 0.09062499999999996 0.5148148148148148
0 0.4703125 0.5796296296296296 0.07708333333333339 0.35000000000000003
0 0.5723958333333333 0.5365740740740741 0.043749999999999956 0.26203703703703707
0 0.5403645833333333 0.5587962962962963 0.04427083333333337 0.29351851851851857
0 0.6013020833333333 0.4625 0.014062499999999978 0.09166666666666662
0 0.6260416666666667 0.46157407407407414 0.015625 0.08981481481481485
0 0.31666666666666665 0.4981481481481481 0.033333333333333326 0.14814814814814814
0 0.259375 0.4726851851851852 0.016666666666666663 0.09351851851851856
0 0.24609375 0.4824074074074074 0.018229166666666657 0.10185185185185186
0 0.22578125 0.48148148148148145 0.021354166666666646 0.09444444444444444
