0 0.54296875 0.6708333333333334 0.08072916666666674 0.5972222222222222
0 0.8721354166666666 0.5393518518518519 0.04427083333333337 0.31759259259259265
0 0.5791666666666666 0.475 0.04583333333333328 0.16111111111111115
0 0.46614583333333337 0.6263888888888889 0.06354166666666666 0.45462962962962966
0 0.7630208333333333 0.5949074074074074 0.10416666666666663 0.3768518518518518
0 0.6010416666666667 0.46249999999999997 0.022916666666666696 0.09722222222222221
0 0.6966145833333334 0.462037037037037 0.0234375 0.0944444444444445
0 0.3755208333333333 0.5050925925925926 0.02812500000000001 0.17685185185185187
0 0.27473958333333337 0.4717592592592592 0.01614583333333336 0.09907407407407404
0 0.24739583333333331 0.47314814814814815 0.017708333333333298 0.0981481481481482
0 0.21614583333333334 0.4828703703703704 0.017708333333333326 0.10092592592592592
0 0.22708333333333333 0.48148148148148145 0.020833333333333315 0.09444444444444444
0 0.734375 0.5148148148148148 0.02083333333333326 0.13518518518518513
