0 0.475 0.65 0.1333333333333333 0.5462962962962963
0 0.65625 0.5416666666666666 0.043749999999999956 0.29444444444444445
0 0.5140625 0.5898148148148148 0.06354166666666661 0.387037037037037
0 0.41953125 0.48564814814814816 0.052604166666666674 0.1601851851851852
0 0.6273437500000001 0.5773148148148148 0.07239583333333333 0.3287037037037037
0 0.3377604166666667 0.5 0.02864583333333337 0.1648148148148148
0 0.2755208333333333 0.4717592592592592 0.015625 0.09907407407407404
0 0.2572916666666667 0.47314814814814815 0.014583333333333337 0.09444444444444444
0 0.2328125 0.4824074074074074 0.01874999999999999 0.10185185185185186
0 0.421875 0.7685185185185185 0.039583333333333304 0.06666666666666665
