0 0.4872395833333334 0.6486111111111111 0.10989583333333336 0.549074074074074
0 0.5289062499999999 0.587037037037037 0.04531249999999998 0.3907407407407408
0 0.6713541666666667 0.5458333333333333 0.033333333333333326 0.30277777777777776
0 0.6416666666666666 0.575 0.05625000000000002 0.33703703703703697
0 0.4322916666666667 0.5050925925925925 0.0625 0.19537037037037036
0 0.34791666666666665 0.5032407407407408 0.03749999999999998 0.16203703703703703
0 0.25651041666666663 0.4726851851851852 0.01510416666666664 0.09537037037037038
0 0.22942708333333334 0.48194444444444445 0.01614583333333333 0.10277777777777775
0 0.4145833333333333 0.7041666666666666 0.030208333333333337 0.1953703703703703
0 0.45390625 0.7759259259259259 0.021354166666666674 0.06666666666666665
