0 0.5572916666666666 0.6708333333333334 0.078125 0.5972222222222222
0 0.7924479166666667 0.49398148148148147 0.04947916666666663 0.22129629629629627
0 0.5895833333333333 0.47500000000000003 0.039583333333333304 0.16481481481481486
0 0.48567708333333337 0.6263888888888889 0.08593750000000006 0.4564814814814815
0 0.81953125 0.5967592592592592 0.08177083333333335 0.38796296296296295
0 0.7125 0.46064814814814814 0.016666666666666607 0.09907407407407409
0 0.6091145833333333 0.4615740740740741 0.020312499999999956 0.09537037037037044
0 0.3979166666666667 0.5069444444444444 0.04479166666666662 0.17870370370370375
0 0.27421875 0.4726851851851852 0.016145833333333304 0.09907407407407409
0 0.24375000000000002 0.4736111111111111 0.013541666666666702 0.09722222222222227
0 0.21067708333333335 0.48287037037037034 0.021354166666666646 0.10277777777777775
0 0.22499999999999998 0.4824074074074074 0.02395833333333333 0.09259259259259256
