0 0.4669270833333333 0.6518518518518519 0.14739583333333334 0.5444444444444444
0 0.6424479166666667 0.4837962962962963 0.035937499999999956 0.175
0 0.5091145833333333 0.5912037037037037 0.06510416666666663 0.38611111111111107
0 0.4119791666666667 0.47824074074074074 0.04270833333333335 0.14351851851851855
0 0.6203125 0.5708333333333333 0.060416666666666674 0.3194444444444444
0 0.33359375 0.5 0.027604166666666707 0.16296296296296298
0 0.27630208333333334 0.4717592592592592 0.016145833333333304 0.09907407407407404
0 0.25625 0.47314814814814815 0.016666666666666663 0.09444444444444444
0 0.23515625 0.48194444444444445 0.021354166666666646 0.10277777777777775
0 0.6390625 0.6370370370370371 0.019791666666666652 0.09074074074074079
0 0.41484375 0.7689814814814815 0.025520833333333326 0.06018518518518512
