0 0.53671875 0.6694444444444445 0.08385416666666662 0.6
0 0.9276041666666667 0.5537037037037037 0.13020833333333326 0.32962962962962966
0 0.5684895833333334 0.4731481481481482 0.041145833333333326 0.15370370370370373
0 0.7276041666666666 0.5810185185185185 0.05312499999999998 0.35833333333333334
0 0.46406250000000004 0.6287037037037038 0.06354166666666666 0.45
0 0.59296875 0.461574074074074 0.0234375 0.09907407407407404
0 0.36640625000000004 0.5050925925925925 0.033854166666666685 0.175
0 0.275 0.4717592592592592 0.016666666666666663 0.09907407407407404
0 0.25052083333333336 0.4736111111111111 0.017708333333333354 0.09722222222222227
0 0.21979166666666666 0.4824074074074074 0.016666666666666663 0.10000000000000003
