0 0.5231770833333333 0.48842592592592593 0.0703125 0.23055555555555557
0 0.9700520833333333 0.5486111111111112 0.05989583333333337 0.3509259259259259
0 0.7109375 0.462962962962963 0.028124999999999956 0.1388888888888889
0 0.4578125 0.6180555555555556 0.0625 0.4324074074074074
0 0.55078125 0.4731481481481482 0.03489583333333335 0.1388888888888889
0 0.6927083333333334 0.5814814814814815 0.1010416666666667 0.34814814814814815
0 0.35807291666666663 0.5004629629629629 0.03281249999999997 0.17314814814814816
0 0.2752604166666667 0.47129629629629627 0.016145833333333304 0.09999999999999998
0 0.25260416666666663 0.4736111111111111 0.016666666666666663 0.09722222222222227
0 0.22395833333333331 0.48333333333333334 0.018750000000000017 0.09999999999999998
0 0.734375 0.6583333333333334 0.028124999999999956 0.09444444444444444
0 0.5354166666666667 0.8439814814814814 0.08750000000000008 0.2509259259259259
0 0.5708333333333333 0.7685185185185185 0.025000000000000022 0.061111111111111116
