0 0.50078125 0.48703703703703705 0.07343749999999999 0.22592592592592592
0 0.6846354166666666 0.4777777777777778 0.026562499999999933 0.1703703703703704
0 0.53828125 0.47731481481481486 0.03593750000000007 0.15092592592592596
0 0.44296875 0.6097222222222222 0.06822916666666667 0.41018518518518515
0 0.66796875 0.575462962962963 0.06718749999999996 0.33796296296296297
0 0.3497395833333333 0.5032407407407408 0.03489583333333335 0.16574074074074074
0 0.25494791666666666 0.4736111111111111 0.014062499999999978 0.09722222222222227
0 0.22682291666666665 0.4824074074074074 0.017187499999999994 0.10185185185185186
0 0.5580729166666667 0.6893518518518518 0.035937499999999956 0.18425925925925923
0 0.5109375 0.8490740740740741 0.06145833333333328 0.2240740740740741
