0 0.4388020833333333 0.6416666666666667 0.12343749999999998 0.5314814814814814
0 0.5018229166666667 0.587962962962963 0.06406249999999997 0.3777777777777778
0 0.6247395833333333 0.5393518518518519 0.041145833333333326 0.27314814814814814
0 0.5908854166666666 0.5625 0.05572916666666672 0.3046296296296296
0 0.64453125 0.4615740740740741 0.022395833333333393 0.09166666666666667
0 0.2765625 0.4717592592592592 0.015625 0.09907407407407404
0 0.328125 0.5018518518518518 0.02604166666666663 0.15555555555555556
0 0.2596354166666667 0.4726851851851852 0.017187500000000022 0.09351851851851856
0 0.23723958333333334 0.4810185185185185 0.02031250000000001 0.10462962962962963
0 0.42265624999999996 0.8203703703703704 0.03593750000000001 0.1962962962962963
