0 0.3958333333333333 0.537037037037037 0.078125 0.3
0 0.5776041666666667 0.5347222222222222 0.04062500000000002 0.2657407407407408
0 0.4721354166666667 0.5787037037037037 0.07447916666666671 0.35185185185185186
0 0.5515625 0.5592592592592593 0.054166666666666585 0.2925925925925926
0 0.6015625 0.4625 0.013541666666666563 0.09166666666666662
0 0.62890625 0.46296296296296297 0.016145833333333304 0.0888888888888889
0 0.3184895833333333 0.4981481481481482 0.029687499999999978 0.15000000000000002
0 0.26015625 0.4722222222222222 0.018229166666666685 0.0944444444444445
0 0.2453125 0.4824074074074074 0.01666666666666669 0.10185185185185186
0 0.22630208333333335 0.48148148148148145 0.021354166666666646 0.09444444444444444
0 0.40364583333333337 0.8074074074074074 0.07291666666666669 0.2222222222222222
