0 0.5348958333333333 0.6694444444444444 0.08749999999999997 0.5962962962962963
0 0.9395833333333333 0.549537037037037 0.1177083333333333 0.3416666666666666
0 0.7083333333333333 0.5787037037037037 0.07708333333333328 0.3555555555555556
0 0.4604166666666667 0.6287037037037038 0.06354166666666666 0.45
0 0.5630208333333333 0.47824074074074074 0.039583333333333304 0.14537037037037037
0 0.5924479166666667 0.46435185185185185 0.025520833333333326 0.10648148148148151
0 0.3645833333333333 0.5055555555555555 0.029166666666666674 0.17222222222222222
0 0.2752604166666667 0.4717592592592592 0.016145833333333304 0.09907407407407404
0 0.25104166666666666 0.4740740740740741 0.015625 0.09814814814814815
0 0.22213541666666667 0.4824074074074074 0.019270833333333348 0.10000000000000003
0 0.7393229166666666 0.6564814814814814 0.020312500000000067 0.11111111111111105
