0 0.52265625 0.48703703703703705 0.07031250000000006 0.2277777777777778
0 0.9692708333333333 0.5486111111111112 0.06145833333333328 0.3453703703703704
0 0.70703125 0.4685185185185185 0.025520833333333437 0.14629629629629626
0 0.45625000000000004 0.6092592592592593 0.06354166666666666 0.4148148148148148
0 0.55078125 0.47731481481481486 0.03697916666666656 0.14166666666666666
0 0.6927083333333334 0.5824074074074075 0.10520833333333335 0.3481481481481482
0 0.35677083333333337 0.5032407407407407 0.030208333333333337 0.1694444444444444
0 0.2755208333333333 0.47129629629629627 0.015625 0.09999999999999998
0 0.25286458333333334 0.4736111111111111 0.017187500000000022 0.09722222222222227
0 0.22473958333333333 0.4837962962962963 0.018229166666666657 0.10092592592592586
0 0.7315104166666666 0.6606481481481481 0.02864583333333337 0.08611111111111114
0 0.5703125 0.7662037037037037 0.027083333333333348 0.06203703703703711
0 0.5354166666666667 0.8569444444444445 0.08750000000000008 0.22499999999999998
