0 0.5625 0.6699074074074074 0.07708333333333339 0.5953703703703703
0 0.8057291666666666 0.5564814814814815 0.06145833333333328 0.34629629629629627
0 0.76953125 0.5226851851851851 0.061979166666666696 0.262037037037037
0 0.48776041666666664 0.6259259259259259 0.08489583333333328 0.45740740740740743
0 0.5916666666666667 0.475462962962963 0.03645833333333326 0.14907407407407414
0 0.8484375 0.6037037037037037 0.13020833333333337 0.39999999999999997
0 0.7192708333333333 0.46064814814814814 0.029166666666666674 0.09907407407407409
0 0.6138020833333333 0.462037037037037 0.017187500000000022 0.0981481481481481
0 0.40390625 0.5060185185185185 0.033854166666666685 0.1824074074074074
0 0.27369791666666665 0.4722222222222222 0.01614583333333336 0.0981481481481481
0 0.21015625 0.48287037037037034 0.021354166666666646 0.10277777777777775
0 0.22552083333333334 0.4814814814814815 0.02395833333333333 0.09259259259259262
0 0.84296875 0.7064814814814815 0.020312500000000067 0.06666666666666665
