0 0.534375 0.6694444444444444 0.0895833333333334 0.5962962962962963
0 0.9645833333333333 0.5476851851851852 0.0708333333333333 0.34722222222222227
0 0.4588541666666667 0.6236111111111111 0.06458333333333333 0.44166666666666665
0 0.6986979166666667 0.5805555555555556 0.0932291666666667 0.3518518518518519
0 0.5567708333333333 0.4810185185185185 0.03750000000000009 0.14351851851851855
0 0.5916666666666667 0.46435185185185185 0.027083333333333348 0.10277777777777775
0 0.35911458333333335 0.5018518518518519 0.03072916666666664 0.1740740740740741
0 0.27578125 0.4717592592592592 0.01510416666666664 0.09907407407407404
0 0.25234375 0.47453703703703703 0.01614583333333336 0.09722222222222221
0 0.22317708333333333 0.4824074074074074 0.02031250000000001 0.10000000000000003
0 0.7377604166666667 0.6546296296296297 0.021354166666666674 0.10925925925925928
0 0.57265625 0.7740740740740741 0.022395833333333393 0.062962962962963
