0 0.4080729166666667 0.6509259259259259 0.08489583333333334 0.538888888888889
0 0.6026041666666666 0.5310185185185186 0.04791666666666672 0.26759259259259266
0 0.4901041666666667 0.5782407407407408 0.06458333333333327 0.3564814814814815
0 0.5466145833333333 0.45046296296296295 0.024479166666666607 0.07870370370370372
0 0.5739583333333333 0.5648148148148148 0.0854166666666667 0.3
0 0.6348958333333333 0.4615740740740741 0.014583333333333393 0.09166666666666667
0 0.32265625 0.49675925925925923 0.025520833333333326 0.15648148148148144
0 0.27630208333333334 0.4717592592592592 0.016145833333333304 0.09907407407407404
0 0.26041666666666663 0.4726851851851852 0.01874999999999999 0.09351851851851856
0 0.2421875 0.4828703703703704 0.01666666666666669 0.10092592592592592
0 0.22552083333333334 0.48055555555555557 0.01874999999999999 0.09444444444444444
