0 0.96953125 0.5458333333333333 0.06093749999999998 0.35833333333333334
0 0.5221354166666666 0.4888888888888889 0.07343749999999999 0.22777777777777775
0 0.70390625 0.4759259259259259 0.025520833333333326 0.1611111111111111
0 0.45546875 0.6092592592592593 0.06406249999999997 0.412962962962963
0 0.6919270833333333 0.5828703703703704 0.10572916666666665 0.3453703703703703
0 0.5497395833333334 0.48055555555555557 0.03593750000000007 0.13333333333333341
0 0.3567708333333333 0.5018518518518519 0.03125 0.17037037037037034
0 0.2755208333333333 0.4717592592592592 0.015625 0.09907407407407404
0 0.253125 0.4731481481481481 0.01666666666666669 0.09629629629629627
0 0.22526041666666669 0.4824074074074074 0.017187499999999994 0.10185185185185186
0 0.7291666666666667 0.6578703703703703 0.033333333333333326 0.08611111111111114
0 0.5713541666666666 0.7657407407407407 0.027083333333333237 0.06481481481481488
0 0.5354166666666667 0.8555555555555556 0.08854166666666669 0.2222222222222222
