0 0.49765625 0.5351851851851852 0.08906250000000004 0.3314814814814815
0 0.6752604166666667 0.5444444444444445 0.027604166666666652 0.30185185185185187
0 0.5390625 0.5902777777777778 0.046875 0.38055555555555554
0 0.43489583333333337 0.6032407407407407 0.06145833333333334 0.39537037037037037
0 0.6526041666666667 0.5745370370370371 0.05208333333333326 0.3379629629629629
0 0.2559895833333333 0.4726851851851852 0.016145833333333304 0.09537037037037038
0 0.3481770833333333 0.5064814814814815 0.03593750000000001 0.15925925925925927
0 0.22890624999999998 0.4824074074074074 0.017187499999999994 0.10185185185185186
0 0.4994791666666667 0.8393518518518519 0.0854166666666667 0.20833333333333337
0 0.46067708333333335 0.7759259259259259 0.03281250000000002 0.0796296296296296
