0 0.5445312499999999 0.6712962962962963 0.08072916666666663 0.5962962962962963
0 0.8580729166666667 0.537962962962963 0.07239583333333333 0.31296296296296294
0 0.7528645833333334 0.4925925925925926 0.04427083333333337 0.19814814814814813
0 0.5809895833333334 0.4777777777777778 0.046354166666666585 0.15925925925925932
0 0.4666666666666667 0.6263888888888889 0.06354166666666666 0.45462962962962966
0 0.7677083333333333 0.6000000000000001 0.10520833333333335 0.37962962962962965
0 0.6015625 0.462037037037037 0.023958333333333304 0.10000000000000003
0 0.6986979166666667 0.4625 0.025520833333333326 0.09537037037037038
0 0.3796875 0.5060185185185185 0.03125 0.17685185185185187
0 0.275 0.4717592592592592 0.015625 0.09907407407407404
0 0.2466145833333333 0.4736111111111111 0.017187499999999994 0.09722222222222227
0 0.21536458333333333 0.48287037037037034 0.018229166666666685 0.10277777777777775
0 0.2265625 0.48148148148148145 0.021874999999999978 0.09444444444444444
