0 0.5125 0.4828703703703704 0.0666666666666666 0.2287037037037037
0 0.6955729166666667 0.5305555555555556 0.03281250000000002 0.28148148148148144
0 0.44635416666666666 0.6097222222222223 0.06666666666666665 0.41203703703703703
0 0.5442708333333334 0.48009259259259257 0.03125 0.14907407407407403
0 0.6856770833333333 0.5768518518518518 0.09739583333333335 0.3351851851851852
0 0.353125 0.5018518518518519 0.029166666666666674 0.16851851851851857
0 0.25416666666666665 0.4731481481481481 0.01666666666666669 0.09629629629629627
0 0.22604166666666667 0.4824074074074074 0.017708333333333326 0.10185185185185186
0 0.56484375 0.6819444444444445 0.04010416666666661 0.2064814814814815
0 0.5226562499999999 0.8527777777777779 0.06197916666666664 0.22592592592592597
