0 0.534375 0.6703703703703704 0.0895833333333334 0.5981481481481481
0 0.95390625 0.549074074074074 0.09218749999999998 0.3444444444444445
0 0.4591145833333333 0.6231481481481481 0.06822916666666667 0.4444444444444444
0 0.70234375 0.5796296296296297 0.0859375 0.35370370370370374
0 0.5596354166666666 0.47824074074074074 0.04010416666666672 0.14351851851851855
0 0.5921875000000001 0.4564814814814815 0.02604166666666663 0.08703703703703702
0 0.2755208333333333 0.4717592592592592 0.015625 0.09907407407407404
0 0.36067708333333337 0.5064814814814815 0.03177083333333336 0.16851851851851857
0 0.2518229166666667 0.475462962962963 0.01614583333333333 0.09537037037037038
0 0.22265625 0.4824074074074074 0.02031250000000001 0.10000000000000003
0 0.7390625 0.6523148148148148 0.02083333333333337 0.11203703703703705
0 0.57265625 0.775462962962963 0.022395833333333393 0.06018518518518523
