0 0.5375 0.6703703703703704 0.08124999999999999 0.5981481481481481
0 0.9057291666666667 0.5412037037037036 0.09166666666666667 0.312037037037037
0 0.5729166666666667 0.4731481481481481 0.04583333333333328 0.15740740740740738
0 0.4643229166666667 0.6277777777777778 0.06302083333333336 0.4537037037037037
0 0.7513020833333334 0.5893518518518519 0.08177083333333335 0.3675925925925926
0 0.3705729166666667 0.5037037037037038 0.028645833333333315 0.1796296296296297
0 0.5947916666666666 0.46296296296296297 0.019791666666666763 0.0981481481481482
0 0.2484375 0.4726851851851852 0.01874999999999999 0.09907407407407409
0 0.275 0.4722222222222222 0.015625 0.0981481481481481
0 0.21796875 0.4824074074074074 0.018229166666666657 0.10000000000000003
0 0.22734375 0.48148148148148145 0.01927083333333332 0.09444444444444444
0 0.72109375 0.5046296296296297 0.019270833333333348 0.12407407407407406
