0 0.5513020833333333 0.6671296296296296 0.0703125 0.5990740740740741
0 0.7893229166666667 0.487962962962963 0.047395833333333304 0.2055555555555556
0 0.5885416666666667 0.47638888888888886 0.04062500000000002 0.16388888888888892
0 0.8098958333333333 0.5921296296296297 0.06874999999999998 0.3953703703703704
0 0.4838541666666667 0.6254629629629629 0.08333333333333331 0.4546296296296296
0 0.7119791666666666 0.46064814814814814 0.017708333333333326 0.09907407407407409
0 0.6088541666666667 0.462037037037037 0.019791666666666652 0.0944444444444445
0 0.39713541666666663 0.5069444444444444 0.044270833333333315 0.17870370370370375
0 0.27421875 0.4722222222222222 0.016145833333333304 0.0981481481481481
0 0.24401041666666667 0.474537037037037 0.014062500000000006 0.09907407407407404
0 0.2109375 0.48287037037037034 0.020833333333333315 0.10277777777777775
0 0.22552083333333334 0.48194444444444445 0.02291666666666667 0.09166666666666667
0 0.5731770833333334 0.5402777777777777 0.04322916666666676 0.13981481481481478
