0 0.47291666666666665 0.650462962962963 0.13645833333333335 0.5453703703703704
0 0.6497395833333334 0.48518518518518516 0.03489583333333335 0.17777777777777776
0 0.5127604166666666 0.5907407407407407 0.06614583333333329 0.387037037037037
0 0.41770833333333335 0.4837962962962963 0.04999999999999999 0.15648148148148144
0 0.6263020833333333 0.5740740740740741 0.07135416666666672 0.3240740740740741
0 0.3359375 0.499537037037037 0.03020833333333328 0.16388888888888892
0 0.2572916666666667 0.47314814814814815 0.014583333333333337 0.09444444444444444
0 0.23385416666666667 0.4828703703703704 0.019791666666666652 0.10092592592592592
0 0.6559895833333333 0.637962962962963 0.029687499999999978 0.0981481481481481
0 0.4200520833333333 0.7694444444444445 0.03489583333333335 0.06666666666666665
