0 0.39036458333333335 0.6453703703703704 0.09010416666666665 0.5092592592592593
0 0.5703125 0.5361111111111111 0.04479166666666656 0.262962962962963
0 0.4703125 0.5800925925925926 0.07708333333333339 0.3490740740740741
0 0.5388020833333333 0.5569444444444445 0.04322916666666665 0.2935185185185185
0 0.6018229166666667 0.462037037037037 0.015104166666666696 0.09259259259259256
0 0.6263020833333334 0.462037037037037 0.016145833333333304 0.08888888888888896
0 0.31640625 0.49722222222222223 0.03489583333333335 0.14999999999999997
0 0.26015625 0.4726851851851852 0.017187499999999967 0.09351851851851856
0 0.24661458333333333 0.4824074074074074 0.018229166666666685 0.10185185185185186
0 0.22630208333333335 0.48148148148148145 0.021354166666666646 0.09444444444444444
