0 0.39947916666666666 0.6527777777777778 0.08125000000000004 0.5314814814814814
0 0.47369791666666666 0.5773148148148148 0.07552083333333337 0.35462962962962963
0 0.57890625 0.5351851851851852 0.041145833333333326 0.26666666666666666
0 0.5578125 0.5597222222222222 0.06145833333333328 0.29166666666666674
0 0.6291666666666667 0.4615740740740741 0.016666666666666607 0.09166666666666667
0 0.5997395833333333 0.46157407407407414 0.016145833333333304 0.08981481481481485
0 0.31901041666666663 0.4976851851851852 0.029687500000000033 0.1527777777777778
0 0.2604166666666667 0.4722222222222222 0.017708333333333326 0.0944444444444445
0 0.24427083333333333 0.4824074074074074 0.01666666666666669 0.10185185185185186
0 0.22499999999999998 0.48148148148148145 0.02395833333333333 0.09444444444444444
