0 0.5377604166666666 0.6703703703703704 0.08072916666666669 0.5981481481481481
0 0.8986979166666667 0.5421296296296296 0.07552083333333326 0.3138888888888889
0 0.5747395833333333 0.4731481481481481 0.04531249999999998 0.15740740740740738
0 0.46458333333333335 0.6277777777777778 0.06354166666666666 0.4518518518518519
0 0.75703125 0.5898148148148148 0.09322916666666659 0.36851851851851847
0 0.5958333333333333 0.46296296296296297 0.018750000000000044 0.0981481481481482
0 0.37187499999999996 0.5041666666666667 0.02812500000000001 0.17870370370370375
0 0.275 0.4722222222222222 0.015625 0.0981481481481481
0 0.24869791666666669 0.4736111111111111 0.019270833333333348 0.09907407407407409
0 0.2171875 0.4824074074074074 0.017708333333333326 0.10185185185185186
0 0.22630208333333335 0.48148148148148145 0.020312499999999983 0.09444444444444444
0 0.7231770833333333 0.5097222222222222 0.019270833333333348 0.14166666666666672
