0 0.5208333333333334 0.48611111111111116 0.0697916666666667 0.22962962962962968
0 0.9703125 0.5532407407407407 0.059374999999999956 0.3416666666666667
0 0.70078125 0.47777777777777775 0.026562500000000044 0.17222222222222222
0 0.45338541666666665 0.6087962962962963 0.06510416666666669 0.412037037037037
0 0.6903645833333334 0.5800925925925926 0.10468749999999993 0.3416666666666666
0 0.5494791666666666 0.47870370370370374 0.03541666666666665 0.13703703703703707
0 0.35572916666666665 0.5027777777777778 0.030208333333333337 0.16666666666666669
0 0.25390625 0.4726851851851852 0.017187500000000022 0.09537037037037038
0 0.22526041666666669 0.4833333333333333 0.017187499999999994 0.1018518518518518
0 0.72421875 0.6481481481481481 0.03802083333333339 0.09629629629629632
0 0.5721354166666667 0.7597222222222222 0.02864583333333326 0.06574074074074077
0 0.5341145833333333 0.8578703703703703 0.08593749999999994 0.21944444444444444
