0 0.5348958333333333 0.6694444444444444 0.08854166666666674 0.5962962962962963
0 0.9466145833333333 0.549074074074074 0.10677083333333337 0.34629629629629627
0 0.5604166666666667 0.475 0.038541666666666696 0.1462962962962963
0 0.70625 0.5787037037037037 0.078125 0.3537037037037037
0 0.45989583333333334 0.6263888888888889 0.06458333333333333 0.44537037037037036
0 0.5919270833333333 0.4643518518518519 0.026562500000000044 0.10462962962962968
0 0.2752604166666667 0.4717592592592592 0.016145833333333304 0.09907407407407404
0 0.3627604166666667 0.5069444444444444 0.028645833333333315 0.16944444444444445
0 0.25130208333333337 0.475 0.01614583333333336 0.09629629629629627
0 0.22239583333333335 0.4824074074074074 0.018750000000000017 0.0981481481481481
0 0.7385416666666667 0.6509259259259259 0.02083333333333326 0.11296296296296293
0 0.5726562500000001 0.7763888888888889 0.021354166666666674 0.06018518518518512
