0 0.38776041666666666 0.6398148148148148 0.0859375 0.5
0 0.5674479166666666 0.5351851851851852 0.046354166666666585 0.2629629629629629
0 0.4703125 0.5787037037037037 0.07708333333333339 0.3462962962962963
0 0.5330729166666667 0.5587962962962963 0.047395833333333304 0.29351851851851857
0 0.603125 0.4625 0.014583333333333393 0.09166666666666662
0 0.6263020833333333 0.46157407407407414 0.014062499999999978 0.08981481481481485
0 0.3145833333333333 0.4953703703703704 0.03437499999999999 0.15000000000000002
0 0.2609375 0.4726851851851852 0.017708333333333326 0.09351851851851856
0 0.24765625000000002 0.4824074074074074 0.018229166666666657 0.10185185185185186
0 0.22682291666666665 0.48148148148148145 0.020312499999999983 0.09444444444444444
