0 0.4044270833333333 0.6504629629629629 0.07968750000000002 0.537962962962963
0 0.47968750000000004 0.5768518518518518 0.0739583333333334 0.35555555555555557
0 0.58671875 0.5217592592592593 0.04010416666666672 0.2453703703703704
0 0.5716145833333333 0.5615740740740741 0.08072916666666663 0.2898148148148148
0 0.6304687499999999 0.4625 0.017187500000000022 0.08981481481481485
0 0.32005208333333335 0.4981481481481481 0.02656249999999999 0.15185185185185185
0 0.2760416666666667 0.4726851851851852 0.015625 0.09907407407407409
0 0.25885416666666666 0.4722222222222222 0.018750000000000017 0.0944444444444445
0 0.24322916666666666 0.48287037037037034 0.015625 0.10277777777777775
0 0.22552083333333334 0.4819444444444444 0.019791666666666652 0.0935185185185185
