0 0.5158854166666667 0.48611111111111116 0.06822916666666673 0.22962962962962968
0 0.6950520833333333 0.4842592592592593 0.027604166666666652 0.18333333333333335
0 0.4497395833333333 0.6097222222222223 0.06822916666666662 0.41203703703703703
0 0.5473958333333333 0.4800925925925926 0.03229166666666672 0.1472222222222222
0 0.68828125 0.5777777777777778 0.10260416666666672 0.3370370370370371
0 0.3536458333333333 0.5018518518518519 0.029166666666666674 0.16851851851851857
0 0.25390625 0.4726851851851852 0.017187500000000022 0.09537037037037038
0 0.22526041666666669 0.48287037037037034 0.017187499999999994 0.10277777777777775
0 0.5674479166666667 0.6893518518518518 0.0390625 0.19351851851851853
0 0.7127604166666667 0.6476851851851853 0.026562500000000044 0.09351851851851845
0 0.528125 0.8541666666666667 0.07395833333333329 0.22499999999999998
