0 0.5359375000000001 0.6703703703703704 0.08645833333333336 0.5981481481481481
0 0.934375 0.5527777777777778 0.12708333333333333 0.3333333333333333
0 0.5640625 0.4759259259259259 0.039583333333333304 0.15000000000000002
0 0.71640625 0.5787037037037037 0.0630208333333333 0.3555555555555556
0 0.4614583333333333 0.6291666666666667 0.06354166666666666 0.4490740740740741
0 0.5916666666666667 0.46435185185185185 0.02499999999999991 0.10648148148148151
0 0.3638020833333333 0.5055555555555555 0.03281249999999997 0.17222222222222222
0 0.2752604166666667 0.4717592592592592 0.016145833333333304 0.09907407407407404
0 0.2518229166666667 0.4740740740740741 0.018229166666666657 0.09814814814814815
0 0.22109375 0.4824074074074074 0.019270833333333348 0.10000000000000003
