0 0.42578125 0.6462962962962963 0.10572916666666665 0.5407407407407407
0 0.49973958333333335 0.587037037037037 0.06614583333333335 0.37592592592592594
0 0.6213541666666667 0.538425925925926 0.044791666666666674 0.2731481481481482
0 0.55390625 0.437962962962963 0.025520833333333326 0.05925925925925929
0 0.5843750000000001 0.5625 0.06770833333333337 0.3027777777777778
0 0.6424479166666666 0.4615740740740741 0.021354166666666674 0.09166666666666667
0 0.2768229166666667 0.47129629629629627 0.01614583333333336 0.09999999999999998
0 0.2598958333333333 0.4726851851851852 0.01874999999999999 0.09351851851851856
0 0.32708333333333334 0.5013888888888889 0.027083333333333348 0.14907407407407408
0 0.23828125 0.4814814814814815 0.019270833333333348 0.10370370370370369
