0 0.5486979166666667 0.6699074074074074 0.07968749999999991 0.5990740740740741
0 0.8479166666666667 0.5425925925925926 0.08958333333333335 0.3055555555555556
0 0.5838541666666666 0.475462962962963 0.044791666666666674 0.16388888888888892
0 0.4682291666666667 0.6245370370370371 0.07083333333333336 0.45833333333333337
0 0.7755208333333333 0.5962962962962963 0.08958333333333335 0.3888888888888889
0 0.6013020833333333 0.4625 0.019270833333333348 0.09907407407407409
0 0.6994791666666667 0.4615740740740741 0.027083333333333348 0.09722222222222221
0 0.38776041666666666 0.5055555555555555 0.0390625 0.17592592592592599
0 0.27447916666666666 0.4722222222222222 0.015625 0.0981481481481481
0 0.24557291666666667 0.4736111111111111 0.01614583333333336 0.09907407407407409
0 0.21354166666666669 0.48287037037037034 0.018750000000000017 0.10277777777777775
0 0.22630208333333335 0.4814814814814815 0.02239583333333331 0.09259259259259262
0 0.7536458333333333 0.5152777777777777 0.023958333333333304 0.1527777777777778
