0 0.5177083333333333 0.48703703703703705 0.06875000000000003 0.2277777777777778
0 0.69765625 0.4787037037037037 0.026562500000000044 0.17222222222222217
0 0.4515625 0.6097222222222223 0.06666666666666671 0.41388888888888886
0 0.68984375 0.5796296296296296 0.10468750000000004 0.34074074074074073
0 0.54921875 0.47962962962962963 0.03489583333333335 0.13703703703703707
0 0.3546875 0.5018518518518519 0.029166666666666674 0.16851851851851857
0 0.25390625 0.4726851851851852 0.017187500000000022 0.09537037037037038
0 0.22526041666666669 0.4828703703703704 0.017187499999999994 0.10092592592592592
0 0.7197916666666667 0.6527777777777778 0.03125 0.08518518518518525
0 0.5726562500000001 0.7324074074074074 0.029687499999999978 0.11296296296296293
0 0.5322916666666666 0.8560185185185185 0.08124999999999999 0.2231481481481481
