0 0.4119791666666667 0.650462962962963 0.0854166666666667 0.5398148148148149
0 0.4932291666666667 0.5810185185185186 0.06354166666666666 0.36203703703703705
0 0.61328125 0.5342592592592592 0.051562499999999956 0.2666666666666667
0 0.5489583333333333 0.44305555555555554 0.02083333333333326 0.0712962962962963
0 0.5765625000000001 0.5643518518518519 0.08333333333333337 0.2990740740740741
0 0.63671875 0.4615740740740741 0.016145833333333304 0.09166666666666667
0 0.27656250000000004 0.4717592592592592 0.016666666666666663 0.09907407407407404
0 0.32421875 0.5 0.026562500000000044 0.1555555555555555
0 0.26093750000000004 0.4722222222222222 0.01874999999999999 0.0944444444444445
0 0.23984375 0.4824074074074074 0.02031250000000001 0.10185185185185186
0 0.225 0.4828703703703704 0.017708333333333326 0.09537037037037038
