0 0.55859375 0.6708333333333334 0.07656250000000009 0.5972222222222222
0 0.8005208333333333 0.5018518518518519 0.048958333333333326 0.23888888888888893
0 0.48697916666666663 0.6268518518518519 0.08541666666666664 0.45555555555555555
0 0.5901041666666667 0.4759259259259259 0.038541666666666696 0.1518518518518518
0 0.8364583333333333 0.5981481481481481 0.109375 0.3907407407407407
0 0.7153645833333333 0.46064814814814814 0.02239583333333328 0.09907407407407409
0 0.6119791666666666 0.4625 0.019791666666666652 0.09907407407407409
0 0.39947916666666666 0.5060185185185185 0.04270833333333335 0.18055555555555558
0 0.27369791666666665 0.4726851851851852 0.01614583333333336 0.09907407407407409
0 0.24244791666666668 0.475 0.01614583333333336 0.09629629629629627
0 0.21041666666666667 0.48287037037037034 0.021874999999999978 0.10277777777777775
0 0.22499999999999998 0.48194444444444445 0.02395833333333333 0.09166666666666667
