0 0.46484375 0.65 0.14739583333333334 0.5425925925925925
0 0.6377604166666666 0.5351851851851852 0.03385416666666663 0.28333333333333327
0 0.5078125 0.5912037037037037 0.06562500000000004 0.38611111111111107
0 0.40989583333333335 0.475925925925926 0.04062500000000002 0.1388888888888889
0 0.6151041666666667 0.5731481481481482 0.05624999999999991 0.32407407407407407
0 0.33307291666666666 0.5013888888888889 0.025520833333333326 0.16203703703703698
0 0.2760416666666667 0.4717592592592592 0.015625 0.09907407407407404
0 0.25703125 0.47314814814814815 0.015104166666666669 0.09444444444444444
0 0.23593750000000002 0.4828703703703704 0.020833333333333343 0.10092592592592592
0 0.41276041666666663 0.7657407407407408 0.022395833333333337 0.059259259259259234
