0 0.5473958333333333 0.6703703703703704 0.07916666666666672 0.5981481481481481
0 0.8494791666666667 0.5416666666666666 0.08854166666666674 0.31111111111111106
0 0.5822916666666667 0.47592592592592586 0.04583333333333339 0.15740740740740738
0 0.46796875 0.625925925925926 0.0630208333333333 0.4555555555555556
0 0.77265625 0.5972222222222222 0.09635416666666663 0.387037037037037
0 0.6984375 0.46249999999999997 0.03020833333333328 0.09722222222222221
0 0.6033854166666667 0.4638888888888889 0.022395833333333393 0.09629629629629632
0 0.3846354166666667 0.5060185185185185 0.03593750000000001 0.17685185185185187
0 0.275 0.4717592592592592 0.015625 0.09907407407407404
0 0.21458333333333335 0.48287037037037034 0.01979166666666668 0.10277777777777775
0 0.2265625 0.4810185185185185 0.021874999999999978 0.09351851851851856
0 0.7497395833333333 0.5143518518518518 0.022395833333333393 0.15462962962962962
