0 0.54140625 0.6675925925925926 0.08385416666666673 0.5981481481481481
0 0.8812500000000001 0.5398148148148149 0.044791666666666674 0.3166666666666667
0 0.5768229166666666 0.4726851851851852 0.047395833333333304 0.16759259259259257
0 0.46588541666666666 0.6273148148148149 0.06406250000000002 0.45277777777777783
0 0.7638020833333334 0.5939814814814814 0.10364583333333333 0.3694444444444444
0 0.59765625 0.4638888888888889 0.020312499999999956 0.09814814814814815
0 0.37395833333333334 0.5050925925925926 0.028124999999999956 0.17685185185185187
0 0.27473958333333337 0.4717592592592592 0.01614583333333336 0.09907407407407404
0 0.24843750000000003 0.47314814814814815 0.01979166666666668 0.0981481481481482
0 0.21640625000000002 0.4828703703703704 0.018229166666666657 0.10092592592592592
0 0.22734375 0.48148148148148145 0.020312499999999983 0.09444444444444444
0 0.73125 0.5097222222222222 0.019791666666666652 0.14166666666666672
