0 0.5648437500000001 0.6662037037037037 0.08072916666666663 0.5990740740740741
0 0.81171875 0.5574074074074074 0.07239583333333333 0.34629629629629627
0 0.48854166666666665 0.625 0.08437500000000003 0.45925925925925926
0 0.7635416666666667 0.5263888888888889 0.0697916666666667 0.25833333333333336
0 0.8513020833333333 0.6087962962962963 0.1317708333333334 0.412037037037037
0 0.5921875 0.475925925925926 0.034375000000000044 0.1388888888888889
0 0.721875 0.4615740740740741 0.027083333333333348 0.09722222222222221
0 0.40729166666666666 0.5055555555555555 0.029166666666666674 0.18148148148148152
0 0.6130208333333333 0.46296296296296297 0.019791666666666652 0.09444444444444444
0 0.2734375 0.4726851851851852 0.015625 0.09907407407407409
0 0.20963541666666666 0.4824074074074074 0.021354166666666674 0.10370370370370363
0 0.22630208333333335 0.4819444444444444 0.02239583333333331 0.0935185185185185
0 0.85234375 0.711111111111111 0.020312500000000067 0.06851851851851853
