0 0.5645833333333334 0.6685185185185185 0.07604166666666667 0.5907407407407408
0 0.84140625 0.49722222222222223 0.05052083333333335 0.22222222222222215
0 0.49192708333333335 0.6231481481481481 0.0776041666666667 0.46296296296296297
0 0.8643229166666666 0.6060185185185185 0.10781249999999998 0.41944444444444445
0 0.7588541666666666 0.5277777777777778 0.06666666666666676 0.25555555555555554
0 0.59296875 0.47453703703703703 0.03281250000000002 0.12870370370370365
0 0.4122395833333333 0.5078703703703704 0.02864583333333337 0.187962962962963
0 0.61953125 0.462037037037037 0.0234375 0.0944444444444445
0 0.2734375 0.4722222222222222 0.015625 0.0981481481481481
0 0.20989583333333334 0.48194444444444445 0.021875000000000006 0.10277777777777775
0 0.22630208333333335 0.4819444444444444 0.02239583333333331 0.0935185185185185
0 0.8049479166666667 0.6967592592592593 0.031770833333333304 0.0805555555555556
