0 0.5575520833333334 0.6708333333333333 0.07760416666666659 0.5935185185185186
0 0.7971354166666667 0.4912037037037037 0.04947916666666674 0.21388888888888885
0 0.5901041666666667 0.47777777777777775 0.038541666666666696 0.16666666666666669
0 0.4861979166666667 0.6263888888888889 0.0859375 0.4564814814814815
0 0.8291666666666666 0.5958333333333333 0.09479166666666672 0.387962962962963
0 0.7127604166666667 0.46064814814814814 0.01718749999999991 0.09907407407407409
0 0.6104166666666666 0.4615740740740741 0.022916666666666585 0.09537037037037044
0 0.3984375 0.5087962962962963 0.043749999999999956 0.17685185185185182
0 0.27369791666666665 0.4726851851851852 0.01614583333333336 0.09907407407407409
0 0.24296875 0.475 0.015104166666666696 0.09629629629629627
0 0.21067708333333335 0.48287037037037034 0.021354166666666646 0.10277777777777775
0 0.22447916666666667 0.48194444444444445 0.02395833333333333 0.09166666666666667
