0 0.4174479166666667 0.6453703703703704 0.09010416666666671 0.5444444444444445
0 0.49557291666666664 0.5837962962962964 0.06093749999999998 0.37129629629629635
0 0.61875 0.5365740740740741 0.050000000000000044 0.26944444444444443
0 0.5526041666666667 0.4398148148148148 0.023958333333333304 0.06666666666666665
0 0.5796875 0.563425925925926 0.07708333333333339 0.30092592592592593
0 0.6388020833333333 0.46111111111111114 0.019270833333333348 0.09074074074074079
0 0.27630208333333334 0.4717592592592592 0.016145833333333304 0.09907407407407404
0 0.3260416666666667 0.5009259259259259 0.025000000000000022 0.15370370370370368
0 0.26015625 0.4726851851851852 0.018229166666666685 0.09351851851851856
0 0.2390625 0.4824074074074074 0.01979166666666668 0.10185185185185186
0 0.22447916666666667 0.48055555555555557 0.01874999999999999 0.09259259259259267
