0 0.42057291666666663 0.650462962962963 0.09635416666666669 0.5453703703703704
0 0.4981770833333333 0.5861111111111111 0.06406249999999997 0.37407407407407406
0 0.6205729166666667 0.5393518518518519 0.04843750000000002 0.27314814814814814
0 0.5531250000000001 0.44074074074074077 0.02604166666666663 0.06481481481481483
0 0.5817708333333333 0.5625 0.07291666666666674 0.3027777777777778
0 0.6403645833333333 0.4615740740740741 0.019270833333333348 0.09166666666666667
0 0.3260416666666667 0.4986111111111111 0.02604166666666663 0.15833333333333327
0 0.2765625 0.47129629629629627 0.015625 0.09999999999999998
0 0.2583333333333333 0.4726851851851852 0.020833333333333315 0.09351851851851856
0 0.23828125 0.4824074074074074 0.019270833333333348 0.10185185185185186
0 0.22421875000000002 0.4824074074074074 0.018229166666666657 0.09629629629629632
