0 0.5619791666666667 0.6675925925925925 0.07708333333333328 0.5944444444444444
0 0.8096354166666666 0.5555555555555556 0.06927083333333328 0.34814814814814815
0 0.48828125 0.625462962962963 0.08489583333333334 0.45648148148148154
0 0.7622395833333333 0.5259259259259259 0.06822916666666667 0.2574074074074075
0 0.8505208333333334 0.6074074074074074 0.13229166666666659 0.4092592592592592
0 0.5911458333333333 0.4736111111111111 0.03645833333333337 0.13611111111111107
0 0.40625 0.5050925925925926 0.029166666666666674 0.18240740740740746
0 0.61328125 0.462037037037037 0.01718749999999991 0.09629629629629632
0 0.7200520833333333 0.462037037037037 0.02864583333333337 0.09629629629629632
0 0.2734375 0.4726851851851852 0.015625 0.09907407407407409
0 0.24270833333333336 0.475 0.015625000000000028 0.09629629629629627
0 0.20963541666666666 0.4824074074074074 0.021354166666666674 0.10370370370370363
0 0.22526041666666666 0.4819444444444444 0.021354166666666674 0.0935185185185185
0 0.8505208333333334 0.7106481481481481 0.01666666666666672 0.06759259259259265
