0 0.5528645833333333 0.6699074074074074 0.0786458333333333 0.5953703703703703
0 0.8403645833333333 0.5388888888888889 0.06406250000000002 0.2907407407407407
0 0.4744791666666667 0.624537037037037 0.07708333333333339 0.4601851851851852
0 0.5872395833333333 0.475462962962963 0.04218749999999993 0.1601851851851852
0 0.7947916666666667 0.5949074074074074 0.059374999999999956 0.38981481481481484
0 0.7075520833333333 0.46111111111111114 0.019270833333333348 0.09814814814814815
0 0.6041666666666667 0.4615740740740741 0.017708333333333326 0.09537037037037044
0 0.3950520833333333 0.5074074074074074 0.044270833333333315 0.17407407407407405
0 0.27421875 0.4726851851851852 0.016145833333333304 0.09907407407407409
0 0.24505208333333334 0.474537037037037 0.014062500000000006 0.09907407407407404
0 0.7677083333333333 0.5125 0.02499999999999991 0.16388888888888886
0 0.21197916666666666 0.48287037037037034 0.019791666666666652 0.10277777777777775
0 0.22499999999999998 0.4824074074074074 0.02395833333333333 0.09259259259259256
