0 0.40598958333333335 0.6509259259259259 0.08281250000000001 0.537037037037037
0 0.5934895833333333 0.5305555555555556 0.0390625 0.262962962962963
0 0.4848958333333333 0.5773148148148148 0.06666666666666665 0.35462962962962963
0 0.5421875 0.4513888888888889 0.02083333333333337 0.07314814814814818
0 0.6330729166666667 0.462037037037037 0.016145833333333304 0.09074074074074073
0 0.5736979166666667 0.5634259259259259 0.08489583333333328 0.2916666666666667
0 0.32161458333333337 0.4976851851851852 0.02656249999999999 0.1527777777777778
0 0.27630208333333334 0.4717592592592592 0.016145833333333304 0.09907407407407404
0 0.25859375 0.4722222222222222 0.016145833333333304 0.0944444444444445
0 0.2421875 0.47638888888888886 0.017708333333333326 0.08796296296296297
0 0.22421875 0.4819444444444444 0.022395833333333337 0.0935185185185185
