0 0.5638020833333333 0.6689814814814814 0.07552083333333337 0.5972222222222222
0 0.8270833333333334 0.5060185185185185 0.05104166666666676 0.24351851851851852
0 0.48906249999999996 0.625 0.0822916666666666 0.4611111111111111
0 0.76484375 0.5259259259259259 0.07760416666666659 0.25925925925925924
0 0.853125 0.6069444444444445 0.12916666666666665 0.4175925925925926
0 0.5911458333333333 0.46759259259259256 0.033333333333333326 0.1333333333333333
0 0.40885416666666663 0.5060185185185185 0.030208333333333337 0.18611111111111112
0 0.721875 0.4615740740740741 0.028125000000000067 0.09537037037037044
0 0.61484375 0.4625 0.019270833333333348 0.09537037037037038
0 0.2734375 0.4722222222222222 0.015625 0.0981481481481481
0 0.24192708333333335 0.47407407407407404 0.017187500000000022 0.09999999999999998
0 0.20989583333333334 0.4824074074074074 0.021875000000000006 0.10370370370370363
0 0.22604166666666664 0.4819444444444444 0.02291666666666667 0.0935185185185185
0 0.7921875 0.6814814814814815 0.03020833333333328 0.10185185185185186
0 0.8549479166666667 0.7124999999999999 0.0234375 0.06574074074074077
