0 0.4854166666666667 0.6490740740740741 0.11354166666666671 0.5481481481481482
0 0.52734375 0.5893518518518518 0.047395833333333304 0.3898148148148148
0 0.6697916666666667 0.5462962962962963 0.034375000000000044 0.2981481481481482
0 0.6372395833333333 0.575462962962963 0.05885416666666665 0.3361111111111111
0 0.42942708333333335 0.5055555555555555 0.059895833333333315 0.19444444444444442
0 0.34739583333333335 0.5018518518518519 0.03854166666666664 0.16296296296296298
0 0.25625 0.4726851851851852 0.013541666666666646 0.09537037037037038
0 0.22942708333333334 0.48194444444444445 0.01614583333333333 0.10277777777777775
0 0.4135416666666667 0.7037037037037037 0.03229166666666666 0.1962962962962963
0 0.4536458333333333 0.775 0.021875000000000033 0.06666666666666665
