0 0.5658854166666667 0.6680555555555556 0.0786458333333333 0.5916666666666667
0 0.84140625 0.49490740740740746 0.04322916666666665 0.21759259259259262
0 0.4932291666666667 0.625 0.07500000000000001 0.4666666666666666
0 0.7546875 0.5236111111111111 0.05729166666666663 0.26203703703703707
0 0.86796875 0.6032407407407407 0.09947916666666667 0.4212962962962963
0 0.5932291666666667 0.47175925925925927 0.03229166666666672 0.12685185185185188
0 0.41458333333333336 0.5087962962962963 0.03125 0.18981481481481488
0 0.621875 0.46111111111111114 0.018749999999999933 0.09259259259259262
0 0.2734375 0.4722222222222222 0.015625 0.0981481481481481
0 0.20989583333333334 0.48194444444444445 0.021875000000000006 0.10277777777777775
0 0.22604166666666667 0.4819444444444444 0.021874999999999978 0.0935185185185185
0 0.8098958333333333 0.7013888888888888 0.03020833333333328 0.06759259259259254
