0 0.4049479166666667 0.6509259259259259 0.08177083333333335 0.538888888888889
0 0.48203125 0.5773148148148148 0.07135416666666666 0.35462962962962963
0 0.5901041666666667 0.5291666666666667 0.038541666666666696 0.25648148148148153
0 0.5731770833333334 0.5625 0.08385416666666667 0.2916666666666667
0 0.6315104166666666 0.462037037037037 0.016145833333333304 0.09074074074074073
0 0.27630208333333334 0.4722222222222222 0.016145833333333304 0.10000000000000003
0 0.32057291666666665 0.49907407407407406 0.02656249999999999 0.15000000000000002
0 0.259375 0.47314814814814815 0.017708333333333326 0.09444444444444444
0 0.24296875 0.4824074074074074 0.01614583333333333 0.10185185185185186
0 0.22421875 0.48148148148148145 0.022395833333333337 0.09444444444444444
