0 0.43281250000000004 0.638425925925926 0.11458333333333331 0.5268518518518519
0 0.49973958333333335 0.5875 0.06406249999999997 0.3768518518518518
0 0.6234375 0.5388888888888889 0.043749999999999956 0.2759259259259259
0 0.5875 0.5615740740740741 0.06145833333333339 0.30462962962962964
0 0.64375 0.46111111111111114 0.021874999999999978 0.09074074074074079
0 0.2765625 0.4717592592592592 0.015625 0.09907407407407404
0 0.2596354166666667 0.4726851851851852 0.016145833333333304 0.09351851851851856
0 0.32786458333333335 0.5032407407407408 0.025520833333333326 0.15462962962962967
0 0.23723958333333334 0.48194444444444445 0.019270833333333348 0.10277777777777775
0 0.22473958333333333 0.4814814814814815 0.01614583333333333 0.09259259259259262
0 0.42265625 0.8222222222222222 0.036979166666666674 0.19259259259259254
