0 0.45677083333333335 0.6435185185185185 0.1479166666666667 0.5351851851851852
0 0.6299479166666666 0.537037037037037 0.031770833333333415 0.2796296296296296
0 0.5046875 0.5925925925925926 0.06562499999999999 0.3833333333333333
0 0.40494791666666663 0.4648148148148148 0.033854166666666685 0.1203703703703704
0 0.6028645833333334 0.5675925925925926 0.047395833333333304 0.31481481481481477
0 0.64765625 0.4625 0.01822916666666663 0.09166666666666662
0 0.27604166666666663 0.4717592592592592 0.014583333333333337 0.09907407407407404
0 0.3302083333333333 0.5023148148148148 0.025000000000000022 0.16018518518518515
0 0.25755208333333335 0.47314814814814815 0.01614583333333333 0.09444444444444444
0 0.23593750000000002 0.4828703703703704 0.021875000000000006 0.10092592592592592
0 0.425 0.8226851851851852 0.033333333333333326 0.18981481481481488
