0 0.5440104166666666 0.6708333333333334 0.08072916666666663 0.5972222222222222
0 0.8677083333333333 0.5393518518518519 0.05208333333333337 0.3138888888888889
0 0.75078125 0.4907407407407407 0.046354166666666585 0.19444444444444436
0 0.5799479166666667 0.475462962962963 0.046354166666666696 0.15833333333333327
0 0.46614583333333337 0.6263888888888889 0.06354166666666666 0.45462962962962966
0 0.7661458333333333 0.6 0.10520833333333335 0.37777777777777777
0 0.5994791666666667 0.4634259259259259 0.02083333333333326 0.09907407407407409
0 0.69765625 0.4625 0.024479166666666607 0.09537037037037038
0 0.37760416666666663 0.5041666666666667 0.030208333333333337 0.17685185185185182
0 0.275 0.4717592592592592 0.015625 0.09907407407407404
0 0.24739583333333334 0.47314814814814815 0.016666666666666663 0.0981481481481482
0 0.215625 0.4833333333333333 0.017708333333333354 0.1018518518518518
0 0.22708333333333333 0.4810185185185185 0.020833333333333315 0.09351851851851856
