0 0.5549479166666667 0.6717592592592593 0.0776041666666667 0.5953703703703703
0 0.7859375 0.49490740740740735 0.048958333333333326 0.22129629629629627
0 0.8221354166666666 0.4648148148148148 0.025520833333333326 0.14814814814814814
0 0.58828125 0.475462962962963 0.04010416666666661 0.1601851851851852
0 0.4815104166666667 0.625 0.08281250000000001 0.45555555555555555
0 0.8057291666666666 0.5939814814814814 0.06666666666666676 0.3916666666666667
0 0.7106770833333333 0.46064814814814814 0.017187500000000022 0.09907407407407409
0 0.6083333333333334 0.462037037037037 0.021874999999999978 0.0944444444444445
0 0.3963541666666667 0.5083333333333333 0.044791666666666674 0.17407407407407405
0 0.2744791666666667 0.4722222222222222 0.016666666666666663 0.0981481481481481
0 0.24453125 0.4736111111111111 0.014062500000000033 0.09722222222222227
0 0.21145833333333333 0.48287037037037034 0.019791666666666652 0.10277777777777775
0 0.22473958333333333 0.4824074074074074 0.0234375 0.09259259259259256
