0 0.49609375 0.5393518518518519 0.09114583333333331 0.33240740740740743
0 0.6734375 0.5449074074074074 0.027083333333333348 0.29907407407407405
0 0.5364583333333333 0.5865740740740741 0.04375000000000007 0.3805555555555556
0 0.64921875 0.5740740740740741 0.05052083333333335 0.33888888888888885
0 0.43281250000000004 0.6027777777777779 0.06145833333333334 0.3944444444444445
0 0.3481770833333333 0.5041666666666667 0.03593750000000001 0.16203703703703698
0 0.2552083333333333 0.4726851851851852 0.017708333333333298 0.09537037037037038
0 0.22890624999999998 0.48194444444444445 0.017187499999999994 0.10277777777777775
0 0.49583333333333335 0.8296296296296297 0.09270833333333339 0.20740740740740737
0 0.45859375 0.7768518518518519 0.029687500000000033 0.07592592592592584
