0 0.45338541666666665 0.6462962962962963 0.14427083333333335 0.5407407407407407
0 0.6286458333333333 0.537962962962963 0.033333333333333326 0.2759259259259259
0 0.50390625 0.5921296296296297 0.06510416666666669 0.3824074074074074
0 0.4041666666666667 0.462962962962963 0.03229166666666666 0.11296296296296299
0 0.60078125 0.5662037037037037 0.047395833333333415 0.31388888888888883
0 0.6473958333333334 0.4625 0.019791666666666763 0.09166666666666662
0 0.27630208333333334 0.4717592592592592 0.015104166666666696 0.09907407407407404
0 0.3302083333333333 0.5023148148148149 0.02604166666666663 0.15833333333333333
0 0.25911458333333337 0.47314814814814815 0.017187499999999967 0.09444444444444444
0 0.23645833333333333 0.48333333333333334 0.021875000000000006 0.09999999999999998
