0 0.5463541666666667 0.6666666666666667 0.10416666666666663 0.5981481481481482
0 0.9239583333333333 0.5546296296296296 0.125 0.3259259259259259
0 0.57109375 0.4722222222222222 0.041145833333333326 0.1592592592592592
0 0.46458333333333335 0.6287037037037038 0.06458333333333333 0.45185185185185184
0 0.7309895833333333 0.5856481481481481 0.0546875 0.3638888888888889
0 0.5932291666666667 0.462037037037037 0.022916666666666696 0.0981481481481481
0 0.3671875 0.5060185185185185 0.03229166666666672 0.1731481481481481
0 0.2755208333333333 0.4717592592592592 0.015625 0.09907407407407404
0 0.25 0.47314814814814815 0.017708333333333326 0.0981481481481482
0 0.21927083333333333 0.4828703703703704 0.016666666666666663 0.10092592592592592
