0 0.5411458333333333 0.6680555555555555 0.0864583333333333 0.5990740740740741
0 0.8901041666666667 0.5407407407407407 0.060416666666666674 0.3148148148148148
0 0.5760416666666667 0.4740740740740741 0.046875 0.15740740740740744
0 0.4653645833333333 0.6268518518518519 0.06406249999999997 0.4537037037037037
0 0.7611979166666667 0.5921296296296297 0.10052083333333328 0.3675925925925926
0 0.5960937500000001 0.4634259259259259 0.021354166666666674 0.09907407407407409
0 0.37265625 0.5046296296296297 0.02656249999999999 0.1777777777777778
0 0.27447916666666666 0.4717592592592592 0.015625 0.09907407407407404
0 0.2484375 0.4736111111111111 0.01874999999999999 0.09722222222222227
0 0.2171875 0.4828703703703704 0.01874999999999999 0.10092592592592592
0 0.22734375 0.4810185185185185 0.020312499999999983 0.09351851851851856
0 0.72734375 0.5106481481481482 0.020312500000000067 0.13796296296296295
