0 0.44375000000000003 0.6439814814814815 0.13020833333333337 0.5324074074074074
0 0.5018229166666667 0.5907407407407408 0.06406249999999997 0.3814814814814814
0 0.6263020833333333 0.537962962962963 0.03802083333333328 0.2759259259259259
0 0.5947916666666666 0.5615740740740741 0.04999999999999993 0.30462962962962964
0 0.6458333333333333 0.4615740740740741 0.021874999999999978 0.09166666666666667
0 0.2765625 0.4717592592592592 0.015625 0.09907407407407404
0 0.32890624999999996 0.5027777777777778 0.02656249999999999 0.1555555555555556
0 0.2598958333333333 0.4726851851851852 0.017708333333333326 0.09351851851851856
0 0.23593750000000002 0.4805555555555555 0.021875000000000006 0.10740740740740734
0 0.4234375 0.8203703703703704 0.03541666666666671 0.19814814814814807
