0 0.53671875 0.6694444444444445 0.08489583333333339 0.6
0 0.9307291666666666 0.5532407407407407 0.13020833333333337 0.33240740740740743
0 0.5666666666666667 0.475 0.039583333333333304 0.15185185185185185
0 0.721875 0.5787037037037037 0.055208333333333415 0.3555555555555556
0 0.46223958333333337 0.6287037037037038 0.06302083333333336 0.45
0 0.5927083333333334 0.461574074074074 0.023958333333333415 0.09907407407407404
0 0.365625 0.5060185185185185 0.03437499999999999 0.17500000000000004
0 0.2752604166666667 0.4717592592592592 0.016145833333333304 0.09907407407407404
0 0.25078125 0.4740740740740741 0.018229166666666657 0.09814814814814815
0 0.2203125 0.4824074074074074 0.016666666666666663 0.10000000000000003
