0 0.5630208333333333 0.6694444444444445 0.07604166666666667 0.6
0 0.8067708333333333 0.5564814814814815 0.06354166666666661 0.3444444444444445
0 0.7635416666666666 0.524074074074074 0.06458333333333333 0.25925925925925924
0 0.48828125 0.6263888888888889 0.08489583333333334 0.4564814814814815
0 0.5919270833333333 0.47500000000000003 0.035937499999999956 0.1444444444444445
0 0.84921875 0.6046296296296296 0.1317708333333334 0.40185185185185185
0 0.6130208333333333 0.461574074074074 0.016666666666666607 0.09907407407407404
0 0.7190104166666667 0.4615740740740741 0.02864583333333326 0.09722222222222221
0 0.40598958333333335 0.5055555555555555 0.029687499999999978 0.18148148148148152
0 0.27369791666666665 0.4722222222222222 0.01614583333333336 0.0981481481481481
0 0.24296875 0.47453703703703703 0.015104166666666696 0.09722222222222221
0 0.20989583333333334 0.4824074074074074 0.021875000000000006 0.10370370370370363
0 0.22552083333333334 0.4814814814814815 0.02291666666666667 0.09259259259259262
