0 0.46197916666666666 0.649074074074074 0.15000000000000002 0.5444444444444445
0 0.6354166666666667 0.5356481481481481 0.033333333333333326 0.2824074074074074
0 0.5052083333333334 0.5916666666666667 0.06666666666666671 0.38703703703703707
0 0.4078125 0.4736111111111111 0.03750000000000003 0.13425925925925924
0 0.609375 0.5717592592592593 0.04895833333333344 0.325
0 0.6489583333333333 0.46064814814814814 0.01666666666666672 0.09166666666666673
0 0.3315104166666667 0.5018518518518518 0.024479166666666663 0.1611111111111111
0 0.27578125 0.4717592592592592 0.01614583333333336 0.09907407407407404
0 0.2578125 0.47314814814814815 0.014583333333333282 0.09444444444444444
0 0.23619791666666667 0.48194444444444445 0.021354166666666674 0.10277777777777775
