0 0.5458333333333334 0.6712962962962963 0.08020833333333333 0.5962962962962963
0 0.8531249999999999 0.5416666666666667 0.08020833333333333 0.312962962962963
0 0.58203125 0.47685185185185186 0.046354166666666696 0.15925925925925927
0 0.4671875 0.625925925925926 0.0625 0.4555555555555556
0 0.76953125 0.5972222222222222 0.1015625 0.38518518518518524
0 0.69921875 0.462037037037037 0.02864583333333326 0.09629629629629632
0 0.60390625 0.4634259259259259 0.020312499999999956 0.09537037037037033
0 0.38203125 0.5050925925925926 0.03281250000000002 0.17685185185185187
0 0.27473958333333337 0.4717592592592592 0.01614583333333336 0.09907407407407404
0 0.21484375 0.48287037037037034 0.018229166666666685 0.10277777777777775
0 0.2265625 0.48148148148148145 0.021874999999999978 0.09444444444444444
0 0.7455729166666667 0.5175925925925926 0.0234375 0.1555555555555555
