0 0.41015625 0.650462962962963 0.08489583333333328 0.5398148148148149
0 0.60859375 0.5328703703703703 0.04947916666666663 0.26759259259259255
0 0.4927083333333333 0.5796296296296297 0.06458333333333338 0.3592592592592593
0 0.54765625 0.45185185185185184 0.021354166666666674 0.07592592592592595
0 0.5760416666666667 0.5652777777777778 0.0854166666666667 0.29907407407407405
0 0.6359375 0.4615740740740741 0.014583333333333282 0.09166666666666667
0 0.3236979166666667 0.4986111111111111 0.02656249999999999 0.15462962962962967
0 0.27656250000000004 0.4717592592592592 0.016666666666666663 0.09907407407407404
0 0.2609375 0.4726851851851852 0.017708333333333326 0.09351851851851856
0 0.240625 0.4824074074074074 0.01874999999999999 0.10185185185185186
0 0.22578125 0.4819444444444444 0.01614583333333333 0.0935185185185185
