0 0.4145833333333333 0.650462962962963 0.08958333333333329 0.5416666666666666
0 0.49375 0.5819444444444445 0.06458333333333327 0.3694444444444445
0 0.61640625 0.5365740740740741 0.052604166666666674 0.2675925925925926
0 0.5505208333333333 0.44120370370370365 0.021874999999999978 0.06759259259259259
0 0.5778645833333333 0.563425925925926 0.08072916666666674 0.30092592592592593
0 0.6369791666666667 0.46111111111111114 0.016666666666666607 0.09074074074074079
0 0.27656250000000004 0.4717592592592592 0.016666666666666663 0.09907407407407404
0 0.32499999999999996 0.5004629629629629 0.026041666666666685 0.15462962962962956
0 0.259375 0.4722222222222222 0.015625 0.0944444444444445
0 0.24036458333333333 0.4828703703703704 0.018229166666666657 0.10092592592592592
0 0.22421875 0.4824074074074074 0.02031250000000001 0.09629629629629632
