0 0.4486979166666667 0.6449074074074075 0.1369791666666667 0.5398148148148149
0 0.5026041666666666 0.5893518518518519 0.062499999999999944 0.3824074074074074
0 0.62734375 0.5375 0.035937499999999956 0.27685185185185185
0 0.5984375 0.563425925925926 0.04791666666666672 0.31018518518518523
0 0.6468750000000001 0.46574074074074073 0.02083333333333337 0.09999999999999998
0 0.2765625 0.4722222222222222 0.015625 0.10000000000000003
0 0.3296875 0.5032407407407408 0.026041666666666685 0.1564814814814815
0 0.2578125 0.47314814814814815 0.018750000000000017 0.09444444444444444
0 0.23671875 0.4814814814814815 0.022395833333333337 0.10370370370370369
0 0.4236979166666667 0.8222222222222222 0.03385416666666663 0.19444444444444442
