0 0.5372395833333333 0.6703703703703704 0.08281249999999996 0.5981481481481481
0 0.91875 0.5527777777777778 0.11666666666666659 0.32222222222222224
0 0.5713541666666666 0.4740740740740741 0.04375000000000007 0.1555555555555555
0 0.46458333333333335 0.6273148148148149 0.06354166666666666 0.4546296296296296
0 0.7356770833333333 0.586111111111111 0.056770833333333326 0.37037037037037035
0 0.5934895833333333 0.462037037037037 0.021354166666666674 0.0981481481481481
0 0.36796875 0.5037037037037037 0.031770833333333304 0.17777777777777776
0 0.275 0.4717592592592592 0.015625 0.09907407407407404
0 0.2494791666666667 0.4736111111111111 0.017708333333333354 0.09722222222222227
0 0.21848958333333335 0.4828703703703704 0.01614583333333333 0.10092592592592592
0 0.22734375 0.4819444444444444 0.01927083333333332 0.0935185185185185
