0 0.39609375 0.6481481481481481 0.0859375 0.5222222222222221
0 0.5744791666666667 0.5351851851851852 0.04270833333333335 0.26481481481481484
0 0.4708333333333333 0.5791666666666667 0.07604166666666673 0.3509259259259259
0 0.5440104166666666 0.5587962962962963 0.047395833333333415 0.29351851851851857
0 0.6010416666666667 0.462037037037037 0.013541666666666674 0.09074074074074073
0 0.628125 0.4625 0.015625 0.08796296296296302
0 0.2596354166666667 0.4722222222222222 0.017187500000000022 0.0944444444444445
0 0.3169270833333333 0.500462962962963 0.03177083333333336 0.14537037037037043
0 0.24583333333333335 0.4824074074074074 0.017708333333333354 0.10185185185185186
0 0.22604166666666667 0.48148148148148145 0.021874999999999978 0.09444444444444444
