0 0.5598958333333333 0.6699074074074074 0.07604166666666667 0.5953703703703703
0 0.8036458333333334 0.49722222222222223 0.04999999999999993 0.22962962962962963
0 0.7888020833333333 0.43425925925925923 0.022395833333333393 0.08703703703703708
0 0.590625 0.47592592592592586 0.03749999999999998 0.15740740740740738
0 0.48776041666666664 0.625925925925926 0.08489583333333328 0.4555555555555556
0 0.84296875 0.5986111111111111 0.12031249999999993 0.39351851851851855
0 0.7169270833333334 0.46111111111111114 0.025520833333333326 0.09814814814814815
0 0.6127604166666667 0.46111111111111114 0.01822916666666663 0.09629629629629632
0 0.40078125 0.5055555555555555 0.04010416666666666 0.18148148148148152
0 0.27369791666666665 0.4722222222222222 0.01614583333333336 0.0981481481481481
0 0.21067708333333335 0.48287037037037034 0.021354166666666646 0.10277777777777775
0 0.22499999999999998 0.4824074074074074 0.02395833333333333 0.09259259259259256
0 0.77109375 0.5902777777777778 0.024479166666666607 0.14537037037037037
0 0.83046875 0.7046296296296297 0.031770833333333304 0.059259259259259234
