0 0.5640625 0.6685185185185185 0.07499999999999996 0.5907407407407408
0 0.8364583333333333 0.4981481481481481 0.04791666666666672 0.22222222222222227
0 0.4908854166666667 0.6236111111111111 0.07968750000000002 0.462037037037037
0 0.7632812499999999 0.5305555555555556 0.07552083333333337 0.26666666666666666
0 0.8596354166666667 0.6064814814814815 0.11614583333333339 0.41851851851851857
0 0.5921875 0.4731481481481481 0.03541666666666665 0.13148148148148148
0 0.7260416666666667 0.46064814814814814 0.02083333333333337 0.09722222222222227
0 0.41119791666666666 0.5074074074074074 0.02864583333333337 0.1870370370370371
0 0.6182291666666666 0.4615740740740741 0.023958333333333415 0.09537037037037044
0 0.20989583333333334 0.4824074074074074 0.021875000000000006 0.10370370370370363
0 0.22630208333333332 0.4819444444444444 0.0234375 0.0935185185185185
0 0.8005208333333333 0.6902777777777778 0.034375000000000044 0.08796296296296302
