0 0.5705729166666667 0.6611111111111111 0.08385416666666667 0.5777777777777777
0 0.8552083333333333 0.49444444444444446 0.050000000000000044 0.22592592592592592
0 0.8901041666666667 0.599537037037037 0.07708333333333328 0.4287037037037037
0 0.4994791666666667 0.6324074074074074 0.06354166666666666 0.48148148148148145
0 0.7369791666666667 0.524537037037037 0.044791666666666674 0.262037037037037
0 0.5914062499999999 0.4712962962962963 0.036979166666666674 0.12407407407407406
0 0.4203125 0.5106481481481482 0.036458333333333315 0.18981481481481477
0 0.621875 0.4625 0.021874999999999978 0.09351851851851856
0 0.27317708333333335 0.4722222222222222 0.01614583333333336 0.0981481481481481
0 0.20989583333333334 0.4824074074074074 0.021875000000000006 0.10370370370370363
0 0.22604166666666667 0.48148148148148145 0.020833333333333315 0.09444444444444444
0 0.8466145833333334 0.6939814814814815 0.05781249999999993 0.09537037037037044
