0 0.6005208333333334 0.6537037037037037 0.09791666666666676 0.5685185185185185
0 0.9598958333333333 0.5796296296296296 0.078125 0.4166666666666667
0 0.10598958333333333 0.576388888888889 0.12343749999999998 0.40092592592592596
0 0.6216145833333333 0.46759259259259256 0.035937499999999956 0.16111111111111115
0 0.5059895833333333 0.6365740740740741 0.0703125 0.48796296296296293
0 0.6557291666666667 0.512962962962963 0.046875 0.22037037037037033
0 0.7669270833333333 0.45787037037037037 0.02864583333333337 0.10092592592592592
0 0.4552083333333333 0.5092592592592593 0.04062500000000002 0.19444444444444448
0 0.26432291666666663 0.47314814814814815 0.01614583333333336 0.09999999999999998
0 0.20989583333333334 0.48333333333333334 0.021875000000000006 0.10370370370370374
0 0.22552083333333334 0.48148148148148145 0.019791666666666652 0.09444444444444444
