0 0.6075520833333333 0.6513888888888889 0.0859375 0.5675925925925926
0 0.32161458333333337 0.5481481481481482 0.07656250000000003 0.3333333333333333
0 0.5427083333333333 0.6287037037037038 0.06354166666666661 0.47777777777777775
0 0.20963541666666669 0.45787037037037037 0.028645833333333343 0.10648148148148145
0 0.5065104166666666 0.4759259259259259 0.029687500000000033 0.14074074074074072
0 0.5625 0.4699074074074074 0.03333333333333344 0.12870370370370365
0 0.054947916666666666 0.5782407407407407 0.10989583333333333 0.3398148148148148
0 0.1609375 0.5763888888888888 0.071875 0.3324074074074074
0 0.6604166666666667 0.5356481481481481 0.03229166666666661 0.1287037037037037
0 0.22265625 0.6097222222222223 0.06197916666666667 0.1620370370370371
