0 0.5817708333333333 0.6569444444444444 0.10520833333333335 0.5712962962962962
0 0.030729166666666665 0.5851851851851851 0.06145833333333333 0.4222222222222222
0 0.875 0.5023148148148148 0.054166666666666696 0.24166666666666664
0 0.5010416666666666 0.6342592592592593 0.06145833333333328 0.49074074074074076
0 0.92890625 0.6185185185185185 0.11197916666666663 0.4574074074074074
0 0.7153645833333333 0.5240740740740741 0.0703125 0.2574074074074074
0 0.5947916666666666 0.4699074074074074 0.033333333333333326 0.12314814814814812
0 0.7455729166666667 0.46018518518518514 0.026562500000000044 0.09629629629629627
0 0.42552083333333335 0.5101851851851852 0.033333333333333326 0.19444444444444442
0 0.6296875 0.461574074074074 0.021874999999999978 0.0935185185185185
0 0.271875 0.47268518518518515 0.01874999999999999 0.09722222222222221
0 0.20989583333333334 0.4824074074074074 0.021875000000000006 0.10370370370370363
0 0.22578125 0.48148148148148145 0.021354166666666646 0.09444444444444444
0 0.8617187500000001 0.7175925925925926 0.03385416666666663 0.059259259259259234
