0 0.5690104166666667 0.663425925925926 0.08697916666666672 0.5842592592592593
0 0.8510416666666667 0.4935185185185185 0.05312499999999998 0.21666666666666667
0 0.8802083333333334 0.6009259259259259 0.08229166666666665 0.42777777777777776
0 0.4973958333333333 0.6268518518518519 0.06874999999999998 0.4740740740740741
0 0.74296875 0.5231481481481481 0.04010416666666672 0.26481481481481484
0 0.5921875 0.4740740740740741 0.03229166666666661 0.12407407407407406
0 0.41901041666666666 0.5092592592592593 0.035937499999999956 0.19074074074074077
0 0.6208333333333333 0.4625 0.022916666666666696 0.09351851851851856
0 0.27317708333333335 0.47175925925925927 0.01614583333333336 0.09722222222222221
0 0.20989583333333334 0.48287037037037034 0.021875000000000006 0.10277777777777775
0 0.2265625 0.4819444444444444 0.02291666666666664 0.0935185185185185
0 0.5825520833333333 0.5351851851851852 0.042187500000000044 0.1296296296296296
0 0.8252604166666666 0.7037037037037037 0.03281250000000002 0.061111111111111116
