0 0.5721354166666667 0.6601851851851852 0.08697916666666661 0.5777777777777777
0 0.8604166666666666 0.4976851851851852 0.04791666666666672 0.2305555555555555
0 0.9005208333333333 0.6087962962962963 0.0708333333333333 0.4490740740740741
0 0.5005208333333333 0.6351851851851852 0.06145833333333334 0.48888888888888893
0 0.72578125 0.5231481481481481 0.052604166666666674 0.26481481481481484
0 0.5921875 0.46805555555555556 0.034375000000000044 0.125
0 0.42291666666666666 0.5106481481481482 0.03645833333333337 0.1916666666666667
0 0.6236979166666667 0.462037037037037 0.021354166666666674 0.0944444444444445
0 0.2729166666666667 0.4722222222222222 0.016666666666666663 0.0981481481481481
0 0.20989583333333334 0.4824074074074074 0.021875000000000006 0.10370370370370363
0 0.22630208333333335 0.48148148148148145 0.021354166666666646 0.09444444444444444
0 0.03125 0.6518518518518519 0.0625 0.2870370370370371
0 0.8598958333333333 0.7023148148148148 0.04270833333333335 0.10092592592592586
