0 0.6018229166666667 0.6509259259259259 0.0942708333333333 0.5685185185185186
0 0.34895833333333337 0.5337962962962963 0.04375000000000001 0.31388888888888894
0 0.5445312499999999 0.4902777777777778 0.04843750000000002 0.19351851851851848
0 0.58359375 0.4583333333333333 0.03489583333333335 0.11111111111111105
0 0.25286458333333334 0.4550925925925926 0.026562500000000017 0.09907407407407409
0 0.11041666666666666 0.5722222222222222 0.078125 0.33148148148148143
0 0.49296875 0.48842592592592593 0.029687499999999978 0.15833333333333327
0 0.20859375000000002 0.5740740740740741 0.09010416666666668 0.3277777777777777
0 0.6591145833333334 0.5388888888888889 0.030729166666666585 0.137037037037037
0 0.25494791666666666 0.6060185185185185 0.05885416666666665 0.14537037037037037
0 0.54296875 0.7310185185185185 0.05364583333333339 0.2749999999999999
