0 0.6005208333333334 0.6537037037037037 0.09791666666666676 0.5685185185185185
0 0.9604166666666667 0.5782407407407407 0.07187500000000002 0.41018518518518515
0 0.09999999999999999 0.5800925925925926 0.13541666666666666 0.4009259259259259
0 0.5057291666666667 0.6365740740740741 0.0697916666666667 0.48796296296296293
0 0.6239583333333334 0.46990740740740744 0.03749999999999998 0.15092592592592596
0 0.6606770833333333 0.5171296296296296 0.05052083333333335 0.2268518518518518
0 0.765625 0.45787037037037037 0.028124999999999956 0.10092592592592592
0 0.45208333333333334 0.5106481481481482 0.038541666666666696 0.19351851851851853
0 0.26432291666666663 0.47314814814814815 0.017187499999999967 0.09999999999999998
0 0.20963541666666666 0.48333333333333334 0.022395833333333337 0.10370370370370374
0 0.22526041666666669 0.48148148148148145 0.020312499999999983 0.09444444444444444
0 0.9385416666666666 0.7467592592592592 0.03541666666666676 0.07314814814814818
