0 0.6046875 0.6523148148148148 0.08958333333333335 0.5694444444444444
0 0.3223958333333333 0.5472222222222223 0.07708333333333334 0.3296296296296296
0 0.54296875 0.6310185185185185 0.057812500000000044 0.4749999999999999
0 0.5028645833333334 0.47777777777777775 0.027604166666666707 0.14814814814814808
0 0.5666666666666667 0.4657407407407408 0.03229166666666661 0.12222222222222229
0 0.058854166666666666 0.5763888888888888 0.10208333333333333 0.3416666666666667
0 0.17239583333333333 0.5731481481481482 0.04999999999999999 0.3333333333333333
0 0.21510416666666665 0.462037037037037 0.03020833333333331 0.10925925925925933
0 0.66328125 0.5347222222222222 0.029687499999999978 0.13240740740740747
0 0.23307291666666669 0.6106481481481482 0.08177083333333335 0.1601851851851852
