0 0.6010416666666667 0.6541666666666667 0.09583333333333333 0.5712962962962962
0 0.16640624999999998 0.5675925925925925 0.08072916666666666 0.39259259259259255
0 0.6393229166666666 0.4745370370370371 0.047395833333333304 0.1657407407407408
0 0.9895833333333333 0.5125 0.02083333333333337 0.24166666666666664
0 0.509375 0.6361111111111111 0.07083333333333336 0.48703703703703705
0 0.47239583333333335 0.46851851851851856 0.030208333333333337 0.12407407407407406
0 0.778125 0.4569444444444445 0.018749999999999933 0.10092592592592592
0 0.0375 0.5699074074074074 0.075 0.3101851851851852
0 0.20989583333333334 0.48287037037037034 0.021875000000000006 0.10277777777777775
0 0.2265625 0.48148148148148145 0.021874999999999978 0.09444444444444444
0 0.9585937499999999 0.7314814814814815 0.04947916666666663 0.11296296296296293
