0 0.6033854166666667 0.6527777777777778 0.09218750000000009 0.5648148148148149
0 0.35572916666666665 0.5351851851851852 0.048958333333333326 0.31296296296296294
0 0.5440104166666666 0.4921296296296297 0.04947916666666663 0.19722222222222224
0 0.2591145833333333 0.4541666666666666 0.027604166666666652 0.09907407407407404
0 0.11953125 0.5731481481481482 0.09739583333333335 0.3333333333333333
0 0.4903645833333333 0.48796296296296293 0.028645833333333315 0.1592592592592592
0 0.20989583333333334 0.575 0.08958333333333335 0.32407407407407407
0 0.65546875 0.5347222222222222 0.030729166666666585 0.13240740740740747
0 0.2609375 0.6037037037037036 0.046875 0.15000000000000002
0 0.5434895833333333 0.7314814814814814 0.05364583333333328 0.274074074074074
