0 0.5708333333333333 0.6583333333333333 0.0854166666666667 0.5740740740740742
0 0.8583333333333334 0.4962962962962963 0.048958333333333326 0.22777777777777775
0 0.8966145833333333 0.6046296296296296 0.07343750000000004 0.4388888888888889
0 0.7322916666666667 0.5217592592592593 0.04791666666666661 0.2657407407407408
0 0.5002604166666667 0.6337962962962963 0.06197916666666664 0.48796296296296293
0 0.59296875 0.4703703703703703 0.03593750000000007 0.12222222222222218
0 0.6221354166666666 0.462037037037037 0.02239583333333328 0.0944444444444445
0 0.42161458333333335 0.5115740740740741 0.03593750000000001 0.18796296296296294
0 0.27239583333333334 0.4717592592592592 0.015625 0.09907407407407404
0 0.20989583333333334 0.4824074074074074 0.021875000000000006 0.10370370370370363
0 0.22552083333333334 0.48148148148148145 0.019791666666666652 0.09444444444444444
0 0.8526041666666666 0.6995370370370371 0.05104166666666676 0.09907407407407409
