0 0.6013020833333333 0.6541666666666667 0.09635416666666674 0.5712962962962962
0 0.16328125 0.5680555555555555 0.07447916666666668 0.3916666666666666
0 0.6388020833333333 0.475462962962963 0.046354166666666696 0.1694444444444445
0 0.5098958333333333 0.6361111111111111 0.0708333333333333 0.48703703703703705
0 0.47187500000000004 0.46898148148148144 0.030208333333333337 0.12314814814814817
0 0.7776041666666667 0.4574074074074074 0.019791666666666652 0.10000000000000003
0 0.03619791666666667 0.5694444444444444 0.07239583333333334 0.3092592592592593
0 0.21041666666666667 0.48287037037037034 0.021874999999999978 0.10277777777777775
0 0.22682291666666665 0.4819444444444444 0.02239583333333331 0.0935185185185185
0 0.9643229166666667 0.6129629629629629 0.07135416666666672 0.35000000000000003
