0 0.5755208333333334 0.6592592592592592 0.09375 0.575925925925926
0 0.8674479166666667 0.49444444444444446 0.0546875 0.237037037037037
0 0.030729166666666665 0.5861111111111111 0.06145833333333333 0.41851851851851857
0 0.90546875 0.612037037037037 0.07239583333333333 0.4518518518518518
0 0.5005208333333333 0.6342592592592593 0.060416666666666674 0.49074074074074076
0 0.7213541666666667 0.5236111111111111 0.05729166666666663 0.26018518518518513
0 0.5927083333333334 0.4699074074074074 0.03437499999999993 0.12314814814814812
0 0.6255208333333333 0.461574074074074 0.021874999999999978 0.0935185185185185
0 0.4236979166666667 0.5111111111111111 0.03593750000000001 0.19074074074074077
0 0.27213541666666663 0.4722222222222222 0.018229166666666685 0.0981481481481481
0 0.20989583333333334 0.4824074074074074 0.021875000000000006 0.10370370370370363
0 0.22734375 0.4819444444444444 0.022395833333333337 0.0935185185185185
0 0.8640625 0.6930555555555555 0.039583333333333415 0.10833333333333339
