0 0.5874999999999999 0.6550925925925926 0.11562499999999998 0.5675925925925926
0 0.030989583333333334 0.5842592592592593 0.06197916666666667 0.42407407407407405
0 0.8848958333333333 0.5060185185185185 0.05833333333333335 0.24907407407407406
0 0.5018229166666667 0.6342592592592593 0.0630208333333333 0.49074074074074076
0 0.93671875 0.6240740740740741 0.12656250000000002 0.4611111111111111
0 0.7096354166666667 0.525462962962963 0.07656249999999998 0.25462962962962965
0 0.5958333333333333 0.46435185185185185 0.03229166666666661 0.12870370370370365
0 0.428125 0.5087962962962963 0.03125 0.1972222222222222
0 0.7440104166666667 0.4615740740740741 0.02864583333333326 0.09537037037037044
0 0.27109375 0.47268518518518515 0.02031250000000001 0.09722222222222221
0 0.21015625 0.4824074074074074 0.022395833333333337 0.10370370370370363
0 0.22526041666666669 0.4819444444444444 0.01927083333333332 0.0935185185185185
0 0.8627604166666667 0.7180555555555556 0.035937499999999956 0.05833333333333335
0 0.9252604166666667 0.7402777777777778 0.030729166666666696 0.05833333333333335
