0 0.030989583333333334 0.5847222222222223 0.06197916666666667 0.4231481481481481
0 0.5848958333333334 0.6569444444444444 0.11145833333333333 0.5675925925925926
0 0.8796875 0.5018518518518518 0.055208333333333415 0.24259259259259258
0 0.5013020833333334 0.6342592592592593 0.061979166666666696 0.49074074074074076
0 0.9351562499999999 0.6203703703703703 0.12343749999999998 0.45925925925925926
0 0.7125 0.524537037037037 0.07499999999999996 0.2564814814814815
0 0.5942708333333333 0.46990740740740744 0.033333333333333326 0.12129629629629629
0 0.4263020833333333 0.5101851851851852 0.03177083333333336 0.19444444444444442
0 0.6307291666666667 0.46064814814814814 0.02187500000000009 0.09537037037037033
0 0.74140625 0.45694444444444443 0.019270833333333348 0.08796296296296291
0 0.2716145833333333 0.47268518518518515 0.019270833333333348 0.09722222222222221
0 0.21015625 0.4824074074074074 0.022395833333333337 0.10370370370370363
0 0.22526041666666669 0.48148148148148145 0.01927083333333332 0.09444444444444444
0 0.8614583333333333 0.7175925925925926 0.03229166666666661 0.05740740740740746
