0 0.5984375 0.6550925925925926 0.10104166666666659 0.5657407407407408
0 0.9421875 0.5791666666666666 0.06979166666666659 0.41018518518518515
0 0.08984375 0.5851851851851853 0.15260416666666665 0.4092592592592593
0 0.9838541666666667 0.6291666666666667 0.03229166666666672 0.48055555555555557
0 0.5049479166666667 0.6356481481481482 0.07135416666666666 0.4898148148148148
0 0.6677083333333333 0.5180555555555556 0.054166666666666696 0.23240740740740745
0 0.6145833333333333 0.4703703703703704 0.033333333333333326 0.13518518518518519
0 0.7614583333333333 0.45833333333333337 0.022916666666666696 0.10185185185185192
0 0.446875 0.5106481481481482 0.03229166666666666 0.19351851851851853
0 0.265625 0.4726851851851852 0.019791666666666652 0.09907407407407409
0 0.20989583333333334 0.4824074074074074 0.021875000000000006 0.10370370370370363
0 0.22526041666666669 0.48148148148148145 0.018229166666666657 0.09444444444444444
0 0.6328125 0.7976851851851852 0.022916666666666696 0.08981481481481479
