0 0.6036458333333333 0.6527777777777778 0.09375 0.5685185185185184
0 0.34661458333333334 0.5342592592592592 0.041145833333333326 0.312962962962963
0 0.5416666666666666 0.6296296296296295 0.054166666666666696 0.47777777777777775
0 0.5817708333333333 0.45787037037037037 0.03645833333333326 0.11388888888888893
0 0.09869791666666666 0.5712962962962963 0.07135416666666666 0.3333333333333333
0 0.25338541666666664 0.5421296296296296 0.06197916666666667 0.27314814814814814
0 0.4942708333333333 0.48842592592592593 0.02916666666666673 0.15833333333333327
0 0.20755208333333336 0.5763888888888888 0.08802083333333335 0.32685185185185184
0 0.6588541666666667 0.5365740740740741 0.03020833333333328 0.13240740740740736
0 0.5778645833333333 0.6217592592592592 0.019270833333333348 0.05833333333333335
