0 0.6036458333333334 0.6532407407407408 0.09583333333333333 0.5657407407407408
0 0.32395833333333335 0.5458333333333333 0.07291666666666669 0.32870370370370366
0 0.54140625 0.6310185185185185 0.05364583333333339 0.4749999999999999
0 0.503125 0.4763888888888889 0.02604166666666663 0.14722222222222225
0 0.06770833333333333 0.5712962962962963 0.084375 0.3351851851851852
0 0.56796875 0.4638888888888889 0.031770833333333304 0.1203703703703703
0 0.18203125 0.5722222222222222 0.05572916666666666 0.33148148148148143
0 0.22421875000000002 0.462037037037037 0.029687500000000006 0.1074074074074074
0 0.6643229166666667 0.5347222222222222 0.03385416666666674 0.1287037037037037
0 0.23723958333333334 0.6129629629629629 0.08906250000000002 0.15555555555555556
0 0.575 0.6166666666666667 0.01666666666666672 0.06851851851851853
