0 0.5950520833333333 0.6541666666666667 0.10781249999999998 0.5675925925925926
0 0.07630208333333334 0.5851851851851851 0.12760416666666666 0.4222222222222222
0 0.9223958333333333 0.5592592592592592 0.0625 0.35000000000000003
0 0.9520833333333334 0.6287037037037037 0.09583333333333333 0.4796296296296296
0 0.5033854166666667 0.6356481481481482 0.06927083333333328 0.4898148148148148
0 0.6807291666666666 0.5171296296296296 0.039583333333333415 0.23796296296296293
0 0.6013020833333333 0.4648148148148148 0.02864583333333326 0.12777777777777777
0 0.7541666666666667 0.4569444444444445 0.018750000000000044 0.10462962962962968
0 0.44114583333333335 0.5083333333333333 0.033333333333333326 0.19814814814814813
0 0.2674479166666667 0.47314814814814815 0.022395833333333337 0.0981481481481482
0 0.20989583333333334 0.48287037037037034 0.021875000000000006 0.10277777777777775
0 0.22526041666666669 0.48148148148148145 0.01927083333333332 0.09444444444444444
0 0.87890625 0.7185185185185186 0.035937499999999956 0.062962962962963
