0 0.6020833333333333 0.6509259259259259 0.09479166666666672 0.5703703703703704
0 0.33567708333333335 0.5361111111111111 0.05052083333333335 0.3148148148148148
0 0.5419270833333334 0.6310185185185185 0.05364583333333328 0.4749999999999999
0 0.5763020833333333 0.45925925925925926 0.03385416666666674 0.11481481481481487
0 0.08541666666666667 0.5703703703703704 0.06770833333333334 0.3333333333333333
0 0.49609375 0.48657407407407405 0.026562500000000044 0.16203703703703698
0 0.24427083333333333 0.4560185185185185 0.030208333333333365 0.09537037037037033
0 0.20390625 0.575 0.08385416666666665 0.3296296296296296
0 0.66015625 0.537962962962963 0.02968750000000009 0.13333333333333336
0 0.24947916666666664 0.6083333333333334 0.06979166666666667 0.1425925925925925
0 0.57890625 0.6180555555555556 0.021354166666666674 0.06759259259259265
