0 0.61484375 0.6523148148148148 0.1088541666666667 0.5712962962962964
0 0.3125 0.5453703703703704 0.060416666666666674 0.33888888888888885
0 0.5390625 0.6291666666666667 0.06458333333333344 0.47685185185185186
0 0.1875 0.46111111111111114 0.029166666666666674 0.10925925925925922
0 0.047135416666666666 0.5782407407407407 0.09427083333333333 0.34166666666666673
0 0.5127604166666666 0.44814814814814813 0.021354166666666674 0.08148148148148149
0 0.1390625 0.5861111111111111 0.11145833333333334 0.3425925925925926
0 0.2546875 0.4717592592592592 0.017708333333333354 0.09907407407407404
0 0.21041666666666667 0.4842592592592593 0.021874999999999978 0.1074074074074074
0 0.22630208333333335 0.48148148148148145 0.01927083333333332 0.09444444444444444
0 0.19192708333333333 0.6092592592592592 0.05156250000000001 0.16666666666666663
