0 0.5947916666666667 0.6537037037037037 0.109375 0.5666666666666667
0 0.06770833333333334 0.5851851851851853 0.11145833333333334 0.4240740740740741
0 0.91875 0.5541666666666667 0.06562499999999993 0.3509259259259259
0 0.5033854166666667 0.6356481481481482 0.06927083333333328 0.4898148148148148
0 0.946875 0.6291666666666667 0.10624999999999996 0.47685185185185186
0 0.6809895833333333 0.5185185185185185 0.03802083333333328 0.23888888888888887
0 0.6015625 0.4666666666666667 0.03333333333333344 0.1333333333333333
0 0.43984375 0.5083333333333333 0.033854166666666685 0.19814814814814813
0 0.7505208333333333 0.45879629629629626 0.021874999999999978 0.09907407407407404
0 0.2661458333333333 0.47268518518518515 0.019791666666666707 0.09722222222222221
0 0.20989583333333334 0.4824074074074074 0.021875000000000006 0.10370370370370363
0 0.22578125 0.48148148148148145 0.01927083333333332 0.09444444444444444
0 0.8734375000000001 0.7171296296296297 0.03645833333333337 0.06018518518518523
