0 0.5971354166666667 0.6541666666666667 0.10572916666666665 0.5675925925925926
0 0.08463541666666667 0.5856481481481481 0.14427083333333332 0.41759259259259257
0 0.92890625 0.5736111111111111 0.06093749999999998 0.3805555555555555
0 0.5052083333333334 0.6328703703703703 0.0739583333333334 0.49166666666666664
0 0.9606770833333333 0.6282407407407408 0.0786458333333333 0.48240740740740745
0 0.6721354166666667 0.5175925925925926 0.046354166666666696 0.237037037037037
0 0.6083333333333334 0.4708333333333333 0.03229166666666672 0.13240740740740747
0 0.7567708333333334 0.4583333333333333 0.019791666666666763 0.09999999999999998
0 0.4432291666666667 0.5097222222222222 0.03125 0.19537037037037036
0 0.2671875 0.47314814814814815 0.02291666666666664 0.0981481481481482
0 0.20989583333333334 0.4824074074074074 0.021875000000000006 0.10370370370370363
0 0.225 0.48148148148148145 0.01874999999999999 0.09444444444444444
0 0.5997395833333334 0.5333333333333333 0.041145833333333326 0.12407407407407406
0 0.8903645833333333 0.7185185185185186 0.027604166666666652 0.05740740740740746
0 0.6317708333333334 0.7958333333333334 0.025000000000000022 0.09166666666666667
