0 0.60078125 0.6537037037037037 0.09739583333333335 0.5666666666666667
0 0.11770833333333333 0.5694444444444444 0.10104166666666668 0.3907407407407408
0 0.9604166666666667 0.5810185185185186 0.07916666666666672 0.4120370370370371
0 0.62578125 0.4648148148148148 0.03281250000000002 0.15185185185185185
0 0.5072916666666667 0.6365740740740741 0.0697916666666667 0.48796296296296293
0 0.6455729166666666 0.5074074074074074 0.03802083333333328 0.22222222222222215
0 0.4640625 0.4722222222222222 0.029166666666666674 0.13148148148148148
0 0.76875 0.45787037037037037 0.025000000000000022 0.10092592592592592
0 0.20989583333333334 0.48287037037037034 0.021875000000000006 0.10277777777777775
0 0.22578125 0.48148148148148145 0.021354166666666646 0.09444444444444444
