0 0.5914062499999999 0.6532407407407408 0.11510416666666667 0.5694444444444444
0 0.046875 0.5837962962962964 0.07500000000000001 0.42314814814814816
0 0.9067708333333333 0.5444444444444444 0.05833333333333335 0.3148148148148148
0 0.503125 0.6351851851851852 0.06666666666666671 0.48888888888888893
0 0.6872395833333333 0.5162037037037037 0.05052083333333335 0.2416666666666667
0 0.93984375 0.6319444444444444 0.12031250000000004 0.47129629629629627
0 0.6013020833333333 0.47175925925925927 0.02864583333333326 0.12685185185185188
0 0.7497395833333333 0.4587962962962963 0.020312499999999956 0.10092592592592597
0 0.4369791666666667 0.5083333333333333 0.03333333333333338 0.1962962962962963
0 0.2677083333333333 0.4731481481481481 0.02083333333333337 0.09629629629629627
0 0.20963541666666666 0.4824074074074074 0.021354166666666674 0.10370370370370363
0 0.22526041666666669 0.48148148148148145 0.01927083333333332 0.09444444444444444
0 0.8661458333333334 0.7189814814814814 0.038541666666666585 0.06388888888888888
0 0.9419270833333333 0.7583333333333333 0.04010416666666672 0.0537037037037037
