0 0.6028645833333334 0.650462962962963 0.0942708333333333 0.5712962962962963
0 0.3265625 0.5444444444444444 0.06770833333333331 0.3259259259259259
0 0.54140625 0.6305555555555555 0.05364583333333339 0.47592592592592586
0 0.57265625 0.4615740740740741 0.03802083333333339 0.11759259259259258
0 0.07265625 0.5708333333333333 0.07447916666666667 0.3342592592592592
0 0.5 0.47916666666666663 0.027083333333333348 0.15092592592592585
0 0.18723958333333335 0.5745370370370371 0.05885416666666668 0.33055555555555555
0 0.22812500000000002 0.461574074074074 0.026041666666666657 0.10462962962962957
0 0.6640625 0.5337962962962963 0.03125 0.12870370370370365
0 0.24270833333333333 0.6157407407407407 0.07916666666666666 0.14814814814814814
0 0.575 0.6175925925925927 0.017708333333333326 0.06851851851851853
