0 0.6033854166666667 0.649537037037037 0.09531249999999991 0.5694444444444444
0 0.3328125 0.5398148148148147 0.05625000000000002 0.3203703703703703
0 0.5416666666666667 0.6310185185185185 0.05312499999999998 0.4749999999999999
0 0.575 0.45972222222222225 0.03437499999999993 0.11574074074074076
0 0.08125 0.5708333333333333 0.06875 0.3342592592592592
0 0.49765625 0.4875 0.027604166666666707 0.16388888888888886
0 0.23802083333333335 0.43287037037037035 0.026041666666666657 0.0490740740740741
0 0.20208333333333334 0.5745370370370371 0.078125 0.33055555555555555
0 0.6611979166666666 0.537037037037037 0.02864583333333337 0.137037037037037
0 0.24739583333333334 0.610648148148148 0.07291666666666669 0.13796296296296295
0 0.5776041666666667 0.6208333333333333 0.018750000000000044 0.06388888888888888
