0 0.6026041666666666 0.6532407407407408 0.09270833333333328 0.5657407407407408
0 0.35234375 0.5356481481481481 0.04322916666666665 0.31388888888888883
0 0.5442708333333333 0.4925925925925926 0.048958333333333326 0.19814814814814813
0 0.1140625 0.5726851851851852 0.0875 0.33425925925925926
0 0.2559895833333333 0.4546296296296296 0.025520833333333326 0.0981481481481481
0 0.4908854166666667 0.48842592592592593 0.02864583333333337 0.15833333333333327
0 0.20937499999999998 0.5745370370370371 0.08958333333333332 0.325
0 0.6565104166666667 0.5356481481481481 0.02864583333333326 0.13425925925925924
0 0.25703125 0.6 0.0546875 0.1592592592592592
0 0.5432291666666667 0.7300925925925925 0.05312499999999998 0.2768518518518518
