0 0.6000000000000001 0.6550925925925926 0.09895833333333337 0.5657407407407408
0 0.9518229166666667 0.5782407407407407 0.07239583333333333 0.4083333333333334
0 0.09270833333333332 0.5824074074074075 0.15 0.40555555555555556
0 0.5049479166666667 0.6361111111111111 0.07031250000000006 0.48703703703703705
0 0.6190104166666667 0.4703703703703704 0.03385416666666674 0.13888888888888895
0 0.6643229166666667 0.5194444444444445 0.05364583333333339 0.22962962962962968
0 0.7645833333333334 0.45833333333333337 0.028125000000000067 0.10185185185185192
0 0.44921875 0.5111111111111111 0.035937499999999956 0.1925925925925926
0 0.26432291666666663 0.47314814814814815 0.017187499999999967 0.0981481481481482
0 0.20989583333333334 0.4824074074074074 0.021875000000000006 0.10370370370370363
0 0.22552083333333334 0.48148148148148145 0.019791666666666652 0.09444444444444444
0 0.63359375 0.7986111111111112 0.02239583333333328 0.0898148148148149
