0 0.60234375 0.6527777777777778 0.09635416666666663 0.5648148148148149
0 0.3299479166666667 0.5435185185185185 0.061979166666666696 0.32592592592592595
0 0.5416666666666667 0.6310185185185185 0.05312499999999998 0.4749999999999999
0 0.57421875 0.46064814814814814 0.035937499999999956 0.1157407407407407
0 0.0765625 0.5708333333333333 0.06770833333333333 0.3342592592592592
0 0.49947916666666664 0.48750000000000004 0.02604166666666663 0.16759259259259257
0 0.19635416666666666 0.5745370370370371 0.06875 0.3324074074074074
0 0.23151041666666666 0.46296296296296297 0.028645833333333315 0.10555555555555551
0 0.6619791666666667 0.5351851851851852 0.030208333333333393 0.1296296296296296
0 0.24583333333333335 0.6097222222222223 0.07604166666666667 0.13981481481481473
0 0.5760416666666667 0.6166666666666667 0.018750000000000044 0.07037037037037042
