0 0.6031249999999999 0.6532407407407408 0.09166666666666667 0.5694444444444444
0 0.26223958333333336 0.5564814814814815 0.10364583333333335 0.35370370370370363
0 0.5255208333333333 0.6319444444444444 0.07187499999999997 0.47500000000000003
0 0.815625 0.4537037037037037 0.014583333333333282 0.09999999999999992
0 0.13776041666666666 0.43333333333333335 0.03385416666666667 0.05740740740740741
0 0.07526041666666666 0.5902777777777778 0.0921875 0.36574074074074076
0 0.20885416666666667 0.4824074074074074 0.02291666666666667 0.10370370370370363
0 0.13541666666666669 0.4861111111111111 0.02395833333333333 0.062962962962963
0 0.6481770833333333 0.5467592592592592 0.031770833333333304 0.1435185185185185
0 0.15442708333333333 0.625 0.05885416666666668 0.1685185185185185
