0 0.03958333333333333 0.5837962962962964 0.07083333333333333 0.4268518518518519
0 0.5908854166666666 0.6537037037037037 0.11614583333333328 0.5666666666666667
0 0.9018229166666667 0.5393518518518519 0.057812500000000044 0.30462962962962964
0 0.50234375 0.6351851851851852 0.06510416666666669 0.48888888888888893
0 0.9375 0.6319444444444444 0.125 0.47129629629629627
0 0.69140625 0.5180555555555555 0.05885416666666665 0.23981481481481481
0 0.5994791666666667 0.4703703703703703 0.028124999999999956 0.1277777777777777
0 0.7450520833333334 0.45833333333333337 0.030729166666666585 0.10185185185185192
0 0.43489583333333337 0.5097222222222222 0.03229166666666666 0.19351851851851853
0 0.2677083333333333 0.4731481481481481 0.019791666666666652 0.09629629629629627
0 0.20963541666666666 0.4824074074074074 0.021354166666666674 0.10370370370370363
0 0.22552083333333334 0.48148148148148145 0.019791666666666652 0.09444444444444444
0 0.8674479166666667 0.7199074074074074 0.04427083333333326 0.06018518518518523
0 0.9395833333333333 0.7513888888888889 0.039583333333333304 0.06944444444444442
