0 0.60390625 0.6523148148148148 0.09010416666666665 0.5657407407407408
0 0.32291666666666663 0.5458333333333334 0.07500000000000001 0.32685185185185184
0 0.5419270833333334 0.6305555555555555 0.05572916666666672 0.47592592592592586
0 0.5041666666666667 0.47500000000000003 0.025000000000000078 0.1444444444444445
0 0.5674479166666666 0.4643518518518519 0.03281250000000002 0.12129629629629629
0 0.06171875 0.5722222222222222 0.0953125 0.3351851851851852
0 0.17421874999999998 0.5731481481481482 0.04635416666666667 0.33148148148148154
0 0.22083333333333333 0.45925925925925926 0.02708333333333332 0.10000000000000003
0 0.6645833333333333 0.537037037037037 0.03541666666666665 0.12962962962962965
0 0.23489583333333336 0.6125 0.08645833333333333 0.15648148148148155
0 0.575 0.6138888888888889 0.01666666666666672 0.07407407407407407
