0 0.6015625 0.6532407407407408 0.09479166666666661 0.5675925925925925
0 0.3411458333333333 0.5361111111111111 0.046875 0.3129629629629629
0 0.5421875 0.6310185185185185 0.054166666666666585 0.4749999999999999
0 0.5802083333333333 0.45879629629629626 0.03750000000000009 0.11388888888888887
0 0.08932291666666667 0.5708333333333333 0.06614583333333332 0.33240740740740743
0 0.2455729166666667 0.4569444444444445 0.025520833333333354 0.10092592592592592
0 0.49479166666666663 0.48749999999999993 0.027083333333333293 0.16018518518518515
0 0.20703125 0.575 0.0859375 0.32777777777777783
0 0.6598958333333333 0.5375 0.030208333333333393 0.13240740740740747
0 0.25234375 0.6060185185185185 0.0640625 0.14722222222222214
0 0.5796875 0.6185185185185185 0.019791666666666652 0.062962962962963
