0 0.6153645833333333 0.6518518518518518 0.1088541666666667 0.5703703703703704
0 0.3143229166666667 0.5462962962962963 0.0630208333333333 0.33888888888888896
0 0.540625 0.6300925925925926 0.06562500000000004 0.47870370370370374
0 0.19375 0.5481481481481482 0.04791666666666666 0.28703703703703703
0 0.5083333333333333 0.45740740740740743 0.029166666666666674 0.0981481481481482
0 0.0484375 0.5791666666666667 0.096875 0.33981481481481485
0 0.14401041666666664 0.44305555555555554 0.03072916666666667 0.05833333333333335
0 0.20989583333333334 0.4814814814814815 0.021875000000000006 0.10185185185185186
0 0.2265625 0.48148148148148145 0.020833333333333315 0.09444444444444444
0 0.13984375 0.6125 0.11302083333333333 0.27870370370370373
