0 0.6010416666666667 0.6532407407407408 0.09687500000000004 0.5712962962962963
0 0.13046875 0.5685185185185185 0.07343749999999999 0.3925925925925926
0 0.9606770833333333 0.5819444444444445 0.0786458333333333 0.41203703703703703
0 0.6325520833333333 0.4722222222222222 0.04427083333333326 0.16666666666666669
0 0.5080729166666667 0.6361111111111111 0.0703125 0.48703703703703705
0 0.6380208333333334 0.45046296296296295 0.022916666666666696 0.11018518518518516
0 0.7716145833333333 0.4574074074074074 0.019270833333333348 0.1018518518518518
0 0.4669270833333333 0.47129629629629627 0.03281250000000002 0.12592592592592589
0 0.20989583333333334 0.48287037037037034 0.021875000000000006 0.10277777777777775
0 0.22578125 0.48148148148148145 0.022395833333333337 0.09444444444444444
