0 0.5893229166666667 0.6541666666666667 0.1171875 0.5675925925925926
0 0.030989583333333334 0.5837962962962963 0.06197916666666667 0.425
0 0.8903645833333333 0.5106481481481482 0.0630208333333333 0.2527777777777778
0 0.5020833333333333 0.6342592592592593 0.06354166666666661 0.49074074074074076
0 0.7054687500000001 0.525 0.07656249999999998 0.25370370370370376
0 0.93671875 0.6300925925925926 0.12656250000000002 0.4620370370370371
0 0.4286458333333333 0.5069444444444444 0.030208333333333337 0.2009259259259259
0 0.5953125 0.46898148148148144 0.03229166666666661 0.12314814814814817
0 0.7440104166666667 0.46064814814814814 0.02968750000000009 0.09722222222222227
0 0.2703125 0.4722222222222222 0.021874999999999978 0.09629629629629632
0 0.20989583333333334 0.4824074074074074 0.021875000000000006 0.10370370370370363
0 0.22526041666666669 0.4819444444444444 0.018229166666666657 0.0935185185185185
0 0.86328125 0.7180555555555556 0.03802083333333339 0.06018518518518512
0 0.9302083333333333 0.7416666666666667 0.03229166666666672 0.059259259259259234
