0 0.60078125 0.6537037037037037 0.09843750000000007 0.5666666666666667
0 0.9606770833333333 0.5787037037037037 0.0786458333333333 0.41666666666666674
0 0.11171874999999999 0.5694444444444444 0.1109375 0.39259259259259255
0 0.62421875 0.4703703703703704 0.04531249999999998 0.1703703703703704
0 0.50625 0.6365740740740741 0.0708333333333333 0.48796296296296293
0 0.6505208333333333 0.5115740740740741 0.04270833333333335 0.22129629629629632
0 0.7674479166666667 0.4587962962962963 0.026562500000000044 0.10092592592592597
0 0.45572916666666663 0.5092592592592593 0.03750000000000003 0.19444444444444448
0 0.20989583333333334 0.48287037037037034 0.021875000000000006 0.10277777777777775
0 0.22578125 0.48148148148148145 0.021354166666666646 0.09444444444444444
