0 0.032552083333333336 0.5856481481481481 0.06510416666666667 0.4305555555555556
0 0.5903645833333333 0.6537037037037037 0.1171875 0.5666666666666667
0 0.89765625 0.5388888888888889 0.05989583333333337 0.30370370370370375
0 0.5018229166666667 0.6351851851851852 0.06510416666666669 0.48888888888888893
0 0.6958333333333333 0.5175925925925926 0.06562500000000004 0.23888888888888893
0 0.9369791666666667 0.6319444444444444 0.12604166666666672 0.46574074074074073
0 0.5986979166666666 0.4703703703703703 0.02864583333333337 0.1277777777777777
0 0.43281250000000004 0.5083333333333333 0.03229166666666666 0.1962962962962963
0 0.7447916666666667 0.45972222222222225 0.028125000000000067 0.09907407407407409
0 0.26875 0.4731481481481481 0.021874999999999978 0.09629629629629627
0 0.20963541666666666 0.4824074074074074 0.021354166666666674 0.10370370370370363
0 0.22526041666666669 0.48148148148148145 0.018229166666666657 0.09444444444444444
0 0.8645833333333333 0.7203703703703703 0.04062500000000002 0.062962962962963
0 0.93671875 0.7449074074074074 0.03593750000000007 0.07314814814814807
