0 0.61015625 0.6532407407407408 0.10468749999999993 0.5694444444444444
0 0.2604166666666667 0.5601851851851852 0.10520833333333335 0.35740740740740745
0 0.5234375 0.6305555555555555 0.06875000000000003 0.47407407407407404
0 0.6489583333333333 0.4745370370370371 0.033333333333333326 0.14166666666666666
0 0.5526041666666666 0.4722222222222222 0.029166666666666674 0.13518518518518524
0 0.8161458333333333 0.4541666666666666 0.015625 0.09907407407407404
0 0.12916666666666665 0.46296296296296297 0.02916666666666666 0.11481481481481481
0 0.060937500000000006 0.6009259259259259 0.11770833333333333 0.3759259259259259
0 0.20911458333333333 0.4824074074074074 0.0234375 0.10370370370370363
0 0.13619791666666667 0.6268518518518519 0.04531249999999999 0.16296296296296298
