0 0.5783854166666667 0.6592592592592592 0.10260416666666661 0.5740740740740741
0 0.03125 0.5851851851851853 0.0625 0.4203703703703704
0 0.8716145833333333 0.49583333333333335 0.057812500000000044 0.237962962962963
0 0.9130208333333334 0.6143518518518518 0.08645833333333341 0.45648148148148143
0 0.5010416666666666 0.6351851851851852 0.06145833333333328 0.48888888888888893
0 0.71875 0.5240740740740741 0.06666666666666665 0.26296296296296295
0 0.5916666666666666 0.46759259259259256 0.029166666666666674 0.12222222222222218
0 0.42473958333333334 0.5101851851851852 0.03385416666666663 0.19259259259259265
0 0.6278645833333334 0.4611111111111111 0.02239583333333328 0.09444444444444444
0 0.27265625000000004 0.4722222222222222 0.018229166666666685 0.0981481481481481
0 0.20989583333333334 0.4824074074074074 0.021875000000000006 0.10370370370370363
0 0.22578125 0.48148148148148145 0.021354166666666646 0.09444444444444444
0 0.8653645833333333 0.6944444444444444 0.04322916666666665 0.11111111111111116
