0 0.5958333333333333 0.6541666666666667 0.10624999999999996 0.5675925925925926
0 0.08125 0.5856481481481481 0.13749999999999998 0.4212962962962963
0 0.9252604166666667 0.5680555555555555 0.061979166666666696 0.37129629629629624
0 0.9575520833333333 0.6273148148148149 0.08281249999999996 0.4842592592592593
0 0.5044270833333333 0.6356481481481482 0.07031249999999994 0.4898148148148148
0 0.6763020833333333 0.5180555555555555 0.0390625 0.23611111111111105
0 0.6059895833333333 0.4708333333333333 0.031770833333333304 0.13240740740740747
0 0.7557291666666667 0.45787037037037037 0.019791666666666652 0.10092592592592592
0 0.44244791666666666 0.5101851851851852 0.03281250000000002 0.19444444444444442
0 0.2661458333333333 0.47314814814814815 0.019791666666666707 0.0981481481481482
0 0.20989583333333334 0.48287037037037034 0.021875000000000006 0.10277777777777775
0 0.22473958333333333 0.48148148148148145 0.01927083333333332 0.09444444444444444
0 0.8856770833333334 0.7185185185185186 0.03593750000000007 0.062962962962963
0 0.63203125 0.7944444444444445 0.025520833333333326 0.09074074074074068
