0 0.94765625 0.5796296296296297 0.07135416666666661 0.4203703703703704
0 0.59921875 0.6550925925925926 0.10052083333333339 0.5657407407407408
0 0.09036458333333333 0.5819444444444445 0.15364583333333331 0.4064814814814815
0 0.5052083333333334 0.6361111111111111 0.0697916666666667 0.4888888888888889
0 0.6148437499999999 0.46574074074074073 0.036979166666666674 0.14074074074074072
0 0.6669270833333334 0.5194444444444445 0.052604166666666674 0.22962962962962968
0 0.76328125 0.45833333333333337 0.026562500000000044 0.10185185185185192
0 0.44843750000000004 0.5111111111111111 0.03437499999999999 0.1925925925925926
0 0.26458333333333334 0.4726851851851852 0.017708333333333326 0.09907407407407409
0 0.20989583333333334 0.4824074074074074 0.021875000000000006 0.10370370370370363
0 0.22578125 0.48148148148148145 0.01927083333333332 0.09444444444444444
0 0.6328125 0.7967592592592593 0.022916666666666696 0.08981481481481479
