0 0.60078125 0.6546296296296297 0.09739583333333335 0.5666666666666667
0 0.9580729166666666 0.5412037037037037 0.06822916666666667 0.3361111111111111
0 0.09557291666666666 0.5819444444444444 0.14427083333333332 0.40462962962962956
0 0.5057291666666667 0.6351851851851852 0.0697916666666667 0.48888888888888893
0 0.6213541666666667 0.46944444444444444 0.03541666666666665 0.14074074074074078
0 0.6651041666666666 0.5203703703703704 0.05104166666666676 0.2277777777777778
0 0.7645833333333334 0.4587962962962963 0.029166666666666674 0.10092592592592597
0 0.4515625 0.5101851851851852 0.03854166666666664 0.19259259259259265
0 0.26432291666666663 0.4726851851851852 0.017187499999999967 0.09907407407407409
0 0.20989583333333334 0.48287037037037034 0.021875000000000006 0.10277777777777775
0 0.22578125 0.48148148148148145 0.020312499999999983 0.09444444444444444
0 0.9515625 0.7476851851851851 0.06145833333333339 0.06574074074074077
0 0.6338541666666666 0.7986111111111112 0.021874999999999978 0.0898148148148149
