0 0.59375 0.6537037037037037 0.11041666666666661 0.5666666666666667
0 0.05859375 0.5851851851851853 0.09322916666666667 0.4240740740740741
0 0.91171875 0.5527777777777778 0.057812500000000044 0.3333333333333333
0 0.5036458333333333 0.6356481481481482 0.0697916666666667 0.4898148148148148
0 0.9424479166666666 0.6300925925925926 0.11510416666666667 0.475
0 0.6833333333333333 0.5166666666666666 0.04270833333333335 0.23888888888888887
0 0.7505208333333333 0.4587962962962963 0.025000000000000022 0.10092592592592597
0 0.4390625 0.5087962962962963 0.03437499999999999 0.1972222222222222
0 0.60234375 0.4726851851851852 0.02864583333333337 0.125
0 0.26822916666666663 0.4731481481481481 0.021875000000000033 0.09629629629629627
0 0.20989583333333334 0.4824074074074074 0.021875000000000006 0.10370370370370363
0 0.225 0.48148148148148145 0.019791666666666652 0.09444444444444444
0 0.8677083333333333 0.7189814814814814 0.03645833333333337 0.06574074074074077
