0 0.6067708333333333 0.650462962962963 0.08750000000000002 0.5712962962962963
0 0.321875 0.5481481481481482 0.07708333333333334 0.3314814814814815
0 0.5427083333333333 0.6305555555555555 0.05833333333333335 0.47592592592592586
0 0.5052083333333333 0.47685185185185186 0.029166666666666674 0.14444444444444443
0 0.21328124999999998 0.45925925925925926 0.03177083333333333 0.1074074074074074
0 0.5651041666666667 0.4666666666666667 0.03229166666666672 0.12222222222222223
0 0.054947916666666666 0.576388888888889 0.10989583333333333 0.33981481481481485
0 0.16640624999999998 0.575462962962963 0.060937500000000006 0.33240740740740743
0 0.6611979166666666 0.5356481481481481 0.029687499999999978 0.13240740740740742
0 0.22890625 0.6074074074074074 0.07343749999999999 0.1685185185185185
