0 0.030729166666666665 0.5828703703703704 0.06145833333333333 0.42500000000000004
0 0.58984375 0.6541666666666667 0.1171875 0.5675925925925926
0 0.8927083333333333 0.5361111111111111 0.05833333333333335 0.3055555555555555
0 0.5015625 0.6342592592592593 0.06354166666666666 0.49074074074074076
0 0.93671875 0.6319444444444444 0.12656250000000002 0.4694444444444445
0 0.7010416666666667 0.5226851851851853 0.07291666666666674 0.24907407407407411
0 0.5984375 0.46990740740740744 0.027083333333333348 0.12685185185185183
0 0.7442708333333333 0.45833333333333337 0.030208333333333393 0.10185185185185192
0 0.43098958333333337 0.5083333333333333 0.029687500000000033 0.1962962962962963
0 0.26979166666666665 0.47268518518518515 0.017708333333333326 0.09722222222222221
0 0.20989583333333334 0.4824074074074074 0.021875000000000006 0.10370370370370363
0 0.225 0.48148148148148145 0.01874999999999999 0.09444444444444444
0 0.8638020833333333 0.7180555555555556 0.0390625 0.06018518518518512
0 0.9338541666666667 0.7425925925925926 0.033333333333333326 0.06666666666666665
