0 0.6104166666666666 0.6532407407407408 0.10625000000000007 0.5694444444444444
0 0.26093750000000004 0.5574074074074075 0.10625000000000001 0.35740740740740745
0 0.52421875 0.6310185185185185 0.06927083333333334 0.4749999999999999
0 0.5505208333333333 0.4685185185185185 0.029166666666666674 0.13148148148148142
0 0.13359375 0.4625 0.029687500000000006 0.11574074074074076
0 0.8158854166666667 0.4541666666666666 0.015104166666666696 0.09907407407407404
0 0.6489583333333333 0.47731481481481486 0.033333333333333326 0.13611111111111113
0 0.06588541666666667 0.5981481481481481 0.1078125 0.37037037037037035
0 0.20937499999999998 0.48287037037037034 0.02291666666666667 0.10277777777777775
0 0.14192708333333331 0.6263888888888889 0.04635416666666667 0.16388888888888897
