0 0.5684895833333333 0.6671296296296296 0.08072916666666674 0.586111111111111
0 0.8447916666666666 0.49490740740740735 0.044791666666666674 0.22129629629629627
0 0.8736979166666666 0.6023148148148147 0.0932291666666667 0.42499999999999993
0 0.7502604166666667 0.5231481481481481 0.04843750000000002 0.262962962962963
0 0.49505208333333334 0.6282407407407408 0.07135416666666672 0.4694444444444444
0 0.59375 0.4722222222222222 0.03125 0.12592592592592594
0 0.41640625 0.5087962962962963 0.03489583333333329 0.18981481481481488
0 0.62109375 0.462037037037037 0.024479166666666607 0.0944444444444445
0 0.2734375 0.4722222222222222 0.015625 0.0981481481481481
0 0.20989583333333334 0.48194444444444445 0.021875000000000006 0.10277777777777775
0 0.2265625 0.4819444444444444 0.02291666666666664 0.0935185185185185
0 0.8213541666666666 0.700462962962963 0.04270833333333324 0.06759259259259265
