0 0.5971354166666667 0.6550925925925926 0.10364583333333333 0.5657407407407408
0 0.93359375 0.575462962962963 0.06093750000000009 0.3972222222222222
0 0.08697916666666668 0.5875 0.14895833333333333 0.41574074074074074
0 0.97109375 0.6273148148148149 0.057812500000000044 0.4842592592592593
0 0.5036458333333333 0.6356481481481482 0.06874999999999992 0.4898148148148148
0 0.6098958333333333 0.46990740740740744 0.03229166666666672 0.1342592592592593
0 0.6697916666666667 0.5185185185185186 0.050000000000000044 0.2314814814814815
0 0.7598958333333333 0.45787037037037037 0.02187500000000009 0.10092592592592592
0 0.44505208333333335 0.5106481481481482 0.03072916666666664 0.19351851851851853
0 0.26588541666666665 0.4726851851851852 0.02031250000000001 0.09907407407407409
0 0.20989583333333334 0.48287037037037034 0.021875000000000006 0.10277777777777775
0 0.225 0.48148148148148145 0.01874999999999999 0.09444444444444444
0 0.6322916666666667 0.7967592592592593 0.025000000000000022 0.09351851851851856
