0 0.59765625 0.6550925925925926 0.10260416666666661 0.5657407407407408
0 0.93359375 0.5828703703703704 0.07447916666666665 0.4138888888888889
0 0.08776041666666667 0.587037037037037 0.14947916666666666 0.4166666666666667
0 0.98125 0.6287037037037038 0.03749999999999998 0.4814814814814815
0 0.5049479166666667 0.6356481481481482 0.07135416666666666 0.4898148148148148
0 0.6684895833333333 0.5180555555555555 0.05364583333333328 0.23425925925925928
0 0.7604166666666666 0.45787037037037037 0.019791666666666652 0.10092592592592592
0 0.6125 0.475925925925926 0.033333333333333326 0.12777777777777782
0 0.4463541666666667 0.5106481481481482 0.03229166666666666 0.19351851851851853
0 0.265625 0.4726851851851852 0.019791666666666652 0.09907407407407409
0 0.20989583333333334 0.48287037037037034 0.021875000000000006 0.10277777777777775
0 0.22526041666666669 0.48148148148148145 0.01927083333333332 0.09444444444444444
0 0.6328125 0.7972222222222223 0.023958333333333304 0.09074074074074068
