0 0.60078125 0.6541666666666667 0.09739583333333335 0.5694444444444444
0 0.12421874999999999 0.5689814814814815 0.08697916666666665 0.39166666666666666
0 0.9604166666666667 0.5810185185185186 0.07916666666666672 0.4120370370370371
0 0.6307291666666667 0.4717592592592592 0.04270833333333335 0.1657407407407407
0 0.5080729166666667 0.6365740740740741 0.0703125 0.48796296296296293
0 0.6388020833333333 0.4555555555555556 0.024479166666666607 0.12222222222222229
0 0.46406250000000004 0.4689814814814815 0.02812500000000001 0.12685185185185188
0 0.7705729166666666 0.45787037037037037 0.021354166666666674 0.1027777777777778
0 0.20963541666666666 0.48287037037037034 0.022395833333333337 0.10277777777777775
0 0.22526041666666669 0.48148148148148145 0.020312499999999983 0.09444444444444444
