0 0.6010416666666667 0.6541666666666667 0.09687500000000004 0.5694444444444444
0 0.14244791666666667 0.5671296296296295 0.06822916666666667 0.3935185185185185
0 0.9604166666666667 0.5805555555555556 0.078125 0.4148148148148148
0 0.6325520833333333 0.46898148148148144 0.046354166666666696 0.16388888888888892
0 0.5088541666666667 0.6351851851851852 0.07083333333333336 0.48888888888888893
0 0.6359375 0.44722222222222224 0.021874999999999978 0.10185185185185186
0 0.46822916666666664 0.46944444444444444 0.03125 0.12407407407407406
0 0.7723958333333334 0.4574074074074074 0.017708333333333326 0.10000000000000003
0 0.21041666666666667 0.4824074074074074 0.021874999999999978 0.10185185185185186
0 0.22604166666666667 0.48148148148148145 0.021874999999999978 0.09444444444444444
