0 0.78359375 0.5 0.08489583333333339 0.27037037037037037
0 0.46848958333333335 0.49907407407407406 0.022395833333333337 0.24259259259259258
0 0.8763020833333334 0.5791666666666666 0.07447916666666665 0.39722222222222225
0 0.7330729166666667 0.6361111111111111 0.052604166666666674 0.5055555555555555
0 0.6763020833333333 0.663425925925926 0.09531250000000002 0.5435185185185185
0 0.5065104166666666 0.44027777777777777 0.022395833333333337 0.08240740740740737
0 0.5903645833333333 0.4717592592592592 0.01822916666666663 0.14537037037037032
0 0.3690104166666667 0.5226851851851853 0.05989583333333337 0.24351851851851858
0 0.45390625 0.5398148148148149 0.06822916666666667 0.2648148148148149
0 0.39453125 0.46944444444444444 0.02239583333333328 0.11111111111111116
0 0.22786458333333331 0.48148148148148145 0.020312499999999983 0.09444444444444444
0 0.5018229166666667 0.5699074074074073 0.04114583333333327 0.11759259259259258
0 0.7458333333333333 0.8643518518518518 0.06666666666666665 0.22870370370370374
0 0.78671875 0.8481481481481481 0.024479166666666607 0.07592592592592584
0 0.81953125 0.9050925925925926 0.05989583333333337 0.18981481481481477
