0 0.9375 0.5805555555555555 0.12187499999999996 0.562962962962963
0 0.60234375 0.6726851851851852 0.10572916666666665 0.6120370370370372
0 0.41354166666666664 0.5282407407407408 0.046875 0.29722222222222217
0 0.640625 0.5032407407407408 0.06562500000000004 0.24722222222222223
0 0.5432291666666667 0.4837962962962963 0.050000000000000044 0.17870370370370375
0 0.6661458333333334 0.475925925925926 0.029166666666666674 0.15370370370370373
0 0.21875 0.55 0.07083333333333333 0.2944444444444444
0 0.2986979166666667 0.5541666666666667 0.04218749999999999 0.29166666666666663
0 0.4513020833333333 0.4837962962962963 0.024479166666666663 0.14907407407407408
0 0.3549479166666667 0.4537037037037037 0.024479166666666663 0.08333333333333331
0 0.6153645833333334 0.5421296296296296 0.036979166666666674 0.14351851851851855
0 0.3549479166666667 0.5902777777777778 0.07343749999999999 0.1435185185185186
0 0.5466145833333333 0.750925925925926 0.04322916666666665 0.25370370370370365
0 0.60625 0.7935185185185185 0.014583333333333282 0.10370370370370363
0 0.6695312499999999 0.7972222222222223 0.041145833333333326 0.0981481481481482
