0 0.5981770833333333 0.6560185185185186 0.10468750000000004 0.5712962962962963
0 0.40546875000000004 0.5273148148148148 0.044270833333333315 0.29907407407407405
0 0.6317708333333334 0.475462962962963 0.055208333333333415 0.18796296296296294
0 0.5416666666666666 0.48194444444444445 0.05104166666666665 0.17314814814814816
0 0.3338541666666667 0.4550925925925926 0.02604166666666663 0.1027777777777778
0 0.6502604166666666 0.4555555555555556 0.025520833333333326 0.10185185185185192
0 0.45703125 0.4824074074074074 0.029687499999999978 0.15000000000000008
0 0.20182291666666669 0.5569444444444445 0.09635416666666666 0.2972222222222223
0 0.27890625 0.5550925925925926 0.0682291666666667 0.2935185185185185
0 0.61796875 0.5337962962962963 0.03281250000000002 0.13611111111111113
0 0.3481770833333333 0.5865740740740741 0.059895833333333315 0.15648148148148155
0 0.5445312499999999 0.7462962962962962 0.04427083333333337 0.25370370370370365
0 0.6044270833333334 0.7875 0.01302083333333337 0.11388888888888893
0 0.6515625 0.7972222222222223 0.03125 0.09629629629629621
