0 0.3578125 0.6819444444444445 0.19375000000000003 0.6361111111111111
0 0.6575520833333334 0.5055555555555555 0.0776041666666667 0.25925925925925924
0 0.44999999999999996 0.5189814814814815 0.04375000000000001 0.2768518518518519
0 0.7421875 0.5527777777777778 0.05104166666666665 0.32222222222222224
0 0.6046875 0.5050925925925926 0.06666666666666665 0.22499999999999998
0 0.7002604166666666 0.5351851851851852 0.03281250000000002 0.2592592592592593
0 0.22760416666666666 0.4787037037037037 0.020833333333333315 0.09999999999999998
0 0.21119791666666665 0.48194444444444445 0.02239583333333331 0.10277777777777775
0 0.2911458333333333 0.549537037037037 0.038541666666666696 0.22500000000000003
0 0.5872395833333334 0.7578703703703704 0.0786458333333333 0.24351851851851858
0 0.6312500000000001 0.8981481481481481 0.060416666666666674 0.20370370370370372
0 0.7138020833333334 0.8842592592592593 0.08697916666666672 0.16666666666666663
