0 0.5984375 0.6569444444444444 0.10208333333333341 0.5694444444444444
0 0.4078125 0.5277777777777778 0.04375000000000001 0.2981481481481481
0 0.6322916666666667 0.47824074074074074 0.05729166666666663 0.19537037037037042
0 0.5416666666666667 0.48148148148148145 0.04999999999999993 0.17222222222222217
0 0.6513020833333334 0.4625 0.02447916666666672 0.11759259259259253
0 0.3372395833333333 0.45231481481481484 0.025520833333333326 0.09537037037037038
0 0.20338541666666668 0.5574074074074074 0.10052083333333334 0.29814814814814816
0 0.4578125 0.4842592592592593 0.027083333333333348 0.1518518518518519
0 0.28125 0.5555555555555556 0.0625 0.29074074074074074
0 0.6158854166666667 0.537962962962963 0.03385416666666663 0.1388888888888889
0 0.35130208333333335 0.5884259259259259 0.06718750000000001 0.1509259259259259
0 0.5445312499999999 0.7462962962962962 0.04531249999999998 0.25370370370370365
0 0.6049479166666667 0.7856481481481481 0.014062499999999978 0.11018518518518527
0 0.6583333333333333 0.7949074074074074 0.03541666666666665 0.09166666666666667
