0 0.1421875 0.6805555555555556 0.21979166666666666 0.6388888888888888
0 0.7184895833333333 0.49768518518518523 0.07656249999999998 0.2527777777777778
0 0.4546875 0.5171296296296296 0.04062499999999997 0.2787037037037037
0 0.6934895833333333 0.4986111111111111 0.047395833333333304 0.23611111111111116
0 0.7934895833333333 0.5638888888888889 0.05052083333333335 0.3537037037037037
0 0.6309895833333334 0.6583333333333333 0.07239583333333333 0.5296296296296297
0 0.33125 0.5263888888888889 0.03749999999999998 0.25648148148148153
0 0.5877604166666667 0.47175925925925927 0.01718749999999991 0.14166666666666672
0 0.4057291666666667 0.5421296296296296 0.04270833333333329 0.27314814814814814
0 0.55546875 0.4574074074074074 0.020312500000000067 0.09629629629629627
0 0.6736979166666666 0.7888888888888889 0.036979166666666674 0.11296296296296293
0 0.71015625 0.8939814814814815 0.10677083333333337 0.21203703703703702
