0 0.778125 0.6712962962962963 0.12604166666666672 0.6185185185185185
0 0.8799479166666666 0.5782407407407407 0.06718750000000007 0.4009259259259259
0 0.7424479166666667 0.6388888888888888 0.057812500000000044 0.5092592592592593
0 0.6807291666666666 0.6634259259259259 0.10416666666666663 0.5416666666666666
0 0.5908854166666666 0.4717592592592592 0.020312500000000067 0.14537037037037032
0 0.5127604166666666 0.44305555555555554 0.02447916666666672 0.08611111111111108
0 0.37109375 0.5268518518518518 0.061979166666666696 0.2444444444444444
0 0.39166666666666666 0.4726851851851852 0.018750000000000044 0.12129629629629629
0 0.45807291666666666 0.5435185185185185 0.07552083333333337 0.2592592592592593
0 0.47369791666666666 0.5078703703703704 0.015104166666666696 0.1787037037037037
0 0.21197916666666666 0.48194444444444445 0.02291666666666667 0.10277777777777775
0 0.22838541666666667 0.48148148148148145 0.02031250000000001 0.09444444444444444
0 0.5166666666666666 0.562962962962963 0.028125000000000067 0.13333333333333336
0 0.79375 0.8532407407407407 0.03020833333333328 0.07314814814814818
0 0.8278645833333333 0.9083333333333333 0.05052083333333335 0.18333333333333335
