0 0.9229166666666666 0.5935185185185186 0.15104166666666663 0.5925925925925926
0 0.6026041666666666 0.6754629629629629 0.10312500000000002 0.6175925925925927
0 0.41484374999999996 0.5291666666666667 0.049479166666666685 0.2972222222222223
0 0.640625 0.5046296296296297 0.06458333333333344 0.2462962962962963
0 0.54609375 0.4675925925925926 0.04843750000000002 0.15000000000000002
0 0.6690104166666666 0.47638888888888886 0.031770833333333415 0.15648148148148144
0 0.22369791666666666 0.5509259259259259 0.05989583333333334 0.29259259259259257
0 0.3052083333333333 0.5546296296296296 0.04895833333333338 0.2907407407407407
0 0.45052083333333337 0.4824074074074074 0.024999999999999967 0.1462962962962963
0 0.3575520833333333 0.4560185185185185 0.022395833333333337 0.08981481481481479
0 0.6158854166666666 0.5425925925925926 0.03489583333333335 0.14259259259259266
0 0.35677083333333337 0.5930555555555556 0.06979166666666664 0.13611111111111107
0 0.5466145833333333 0.7518518518518518 0.04322916666666665 0.2518518518518519
0 0.6059895833333333 0.7930555555555556 0.015104166666666696 0.10277777777777775
0 0.6700520833333333 0.7986111111111112 0.04010416666666661 0.09722222222222221
