0 0.7979166666666666 0.6148148148148148 0.22708333333333341 0.6499999999999999
0 0.6098958333333333 0.5597222222222222 0.08020833333333333 0.3879629629629629
0 0.6567708333333333 0.5282407407407408 0.06458333333333333 0.29351851851851857
0 0.41822916666666665 0.5273148148148148 0.05312499999999998 0.28981481481481486
0 0.559375 0.4861111111111111 0.05312499999999998 0.19259259259259254
0 0.68671875 0.47685185185185186 0.03593750000000007 0.1685185185185185
0 0.25364583333333335 0.549074074074074 0.06145833333333331 0.29444444444444445
0 0.37942708333333336 0.44953703703703707 0.0234375 0.09537037037037038
0 0.4432291666666667 0.4805555555555555 0.023958333333333304 0.14259259259259255
0 0.32265625 0.5564814814814815 0.07552083333333331 0.29074074074074074
0 0.21041666666666664 0.4722222222222222 0.02291666666666667 0.08333333333333326
0 0.3848958333333333 0.5875 0.03125 0.13611111111111107
0 0.5570312500000001 0.6879629629629629 0.04947916666666663 0.11111111111111105
