0 0.7296875 0.49444444444444446 0.08124999999999993 0.25
0 0.45703125 0.5166666666666666 0.04322916666666665 0.2796296296296296
0 0.09895833333333333 0.6893518518518519 0.19583333333333333 0.6212962962962962
0 0.6986979166666667 0.5069444444444444 0.04010416666666672 0.24722222222222218
0 0.8098958333333333 0.562037037037037 0.05937500000000007 0.35740740740740734
0 0.6419270833333333 0.5074074074074074 0.07343749999999993 0.22962962962962963
0 0.34114583333333337 0.5273148148148148 0.03958333333333336 0.2583333333333333
0 0.5877604166666667 0.4722222222222222 0.01718749999999991 0.14444444444444438
0 0.41484375 0.5430555555555555 0.0546875 0.2731481481481481
0 0.5549479166666667 0.45972222222222225 0.019270833333333348 0.10092592592592592
0 0.21041666666666667 0.4824074074074074 0.021874999999999978 0.10370370370370363
0 0.6338541666666666 0.7805555555555556 0.07604166666666667 0.3037037037037038
0 0.6846354166666666 0.8009259259259259 0.047395833333333415 0.14444444444444438
0 0.7380208333333333 0.8925925925925926 0.0697916666666667 0.2148148148148148
