0 0.6143229166666666 0.6472222222222223 0.18072916666666672 0.6018518518518519
0 0.4315104166666667 0.5208333333333333 0.041145833333333326 0.28055555555555556
0 0.6776041666666667 0.5236111111111111 0.04583333333333339 0.28425925925925927
0 0.7203125 0.5481481481481482 0.078125 0.30370370370370364
0 0.26197916666666665 0.548611111111111 0.06458333333333333 0.2824074074074074
0 0.3286458333333333 0.5523148148148148 0.06666666666666671 0.287962962962963
0 0.39609375 0.5319444444444444 0.049479166666666685 0.24722222222222223
0 0.2109375 0.4814814814814815 0.02291666666666664 0.10185185185185186
0 0.5575520833333334 0.5143518518518518 0.03593750000000007 0.13981481481481484
0 0.54921875 0.6592592592592592 0.024479166666666607 0.04814814814814816
