0 0.7502604166666667 0.4907407407407407 0.08385416666666667 0.24999999999999994
0 0.061718749999999996 0.6851851851851851 0.12239583333333333 0.6296296296296297
0 0.4580729166666667 0.5157407407407407 0.03802083333333334 0.27777777777777785
0 0.7135416666666667 0.6319444444444444 0.04583333333333328 0.5027777777777778
0 0.8536458333333334 0.5731481481481482 0.10729166666666667 0.3685185185185185
0 0.6544270833333333 0.6625000000000001 0.0859375 0.5453703703703704
0 0.5882812500000001 0.47175925925925927 0.017187500000000022 0.1435185185185185
0 0.3528645833333333 0.5263888888888889 0.04322916666666665 0.24907407407407406
0 0.49713541666666666 0.5152777777777777 0.04843750000000002 0.2268518518518518
0 0.42291666666666666 0.5398148148148149 0.050000000000000044 0.2703703703703704
0 0.4 0.44861111111111107 0.01874999999999999 0.06944444444444448
0 0.21119791666666668 0.46296296296296297 0.0234375 0.06481481481481477
0 0.7640625 0.8930555555555555 0.11250000000000004 0.2138888888888889
