0 0.16848958333333333 0.6680555555555556 0.18072916666666666 0.6638888888888889
0 0.7065104166666667 0.5 0.0786458333333333 0.2518518518518518
0 0.45598958333333334 0.5166666666666666 0.04427083333333337 0.2796296296296296
0 0.6278645833333334 0.6476851851851853 0.07968750000000002 0.513888888888889
0 0.7830729166666667 0.5666666666666667 0.07447916666666665 0.34629629629629627
0 0.6744791666666667 0.4708333333333333 0.028125000000000067 0.1472222222222222
0 0.3182291666666667 0.5300925925925926 0.06354166666666666 0.2564814814814815
0 0.5890625 0.4657407407407408 0.018749999999999933 0.12777777777777782
0 0.38984375 0.5425925925925926 0.047395833333333304 0.2703703703703704
0 0.5578125 0.45879629629629626 0.017708333333333326 0.09907407407407404
0 0.415625 0.475 0.019791666666666707 0.12777777777777777
0 0.28411458333333334 0.7439814814814816 0.04427083333333337 0.3564814814814815
0 0.66640625 0.8050925925925926 0.024479166666666607 0.06018518518518512
0 0.6927083333333333 0.8944444444444444 0.14374999999999993 0.21111111111111114
