0 0.5221354166666667 0.6180555555555556 0.16510416666666672 0.5953703703703703
0 0.6302083333333334 0.5009259259259259 0.07395833333333335 0.25925925925925924
0 0.4395833333333333 0.5199074074074074 0.03749999999999998 0.2787037037037037
0 0.6809895833333333 0.5384259259259259 0.05156250000000007 0.29722222222222217
0 0.5903645833333333 0.48703703703703705 0.041145833333333326 0.1907407407407407
0 0.7263020833333333 0.5518518518518518 0.06406250000000002 0.31111111111111106
0 0.27578125 0.537962962962963 0.044270833333333315 0.27037037037037037
0 0.33958333333333335 0.5449074074074074 0.046875 0.2787037037037037
0 0.3989583333333333 0.5328703703703703 0.052083333333333315 0.24351851851851858
0 0.21041666666666667 0.4824074074074074 0.021874999999999978 0.10370370370370363
0 0.22682291666666665 0.47962962962962963 0.020312499999999983 0.0981481481481481
0 0.6747395833333334 0.8152777777777778 0.031770833333333415 0.06759259259259265
0 0.6304687499999999 0.8949074074074075 0.06406250000000002 0.21018518518518514
