0 0.7341145833333333 0.4912037037037037 0.08281249999999996 0.24907407407407406
0 0.45625 0.5157407407407407 0.04062500000000002 0.2796296296296296
0 0.09166666666666666 0.6884259259259259 0.18125 0.6231481481481482
0 0.7018229166666667 0.5101851851851852 0.04218749999999993 0.2537037037037037
0 0.8138020833333334 0.562037037037037 0.0630208333333333 0.35740740740740734
0 0.6460937499999999 0.5083333333333333 0.07656249999999998 0.23703703703703705
0 0.34244791666666663 0.5273148148148148 0.03802083333333334 0.2583333333333333
0 0.5874999999999999 0.4726851851851852 0.017708333333333326 0.14537037037037037
0 0.41640625 0.5430555555555555 0.05781249999999999 0.2712962962962963
0 0.5528645833333333 0.45787037037037037 0.016145833333333304 0.09351851851851856
0 0.21015625 0.46898148148148144 0.021354166666666646 0.07870370370370366
0 0.48072916666666665 0.5736111111111111 0.02291666666666664 0.11759259259259258
0 0.6356770833333334 0.7921296296296296 0.07760416666666659 0.2842592592592592
0 0.6872395833333333 0.8032407407407407 0.046354166666666696 0.14722222222222225
0 0.7419270833333333 0.8916666666666666 0.07447916666666665 0.21666666666666667
