0 0.6424479166666667 0.6458333333333334 0.19218749999999996 0.6101851851851852
0 0.42942708333333335 0.5222222222222223 0.04635416666666664 0.2796296296296297
0 0.5614583333333334 0.4912037037037037 0.04791666666666672 0.19537037037037036
0 0.7200520833333333 0.5472222222222223 0.07135416666666672 0.29814814814814816
0 0.3921875 0.4532407407407407 0.026041666666666685 0.09537037037037033
0 0.3260416666666667 0.5527777777777778 0.07187500000000002 0.28888888888888886
0 0.2609375 0.549537037037037 0.06770833333333334 0.2805555555555555
0 0.2109375 0.4648148148148148 0.02291666666666664 0.06851851851851848
0 0.3950520833333333 0.5865740740740741 0.04635416666666664 0.13796296296296295
0 0.5919270833333334 0.5810185185185186 0.025520833333333326 0.12129629629629635
0 0.56171875 0.7171296296296297 0.04947916666666663 0.17314814814814816
