0 0.60859375 0.6537037037037037 0.10052083333333328 0.5703703703703704
0 0.37526041666666665 0.537037037037037 0.07864583333333336 0.30925925925925923
0 0.6432291666666667 0.4708333333333333 0.03645833333333337 0.1601851851851852
0 0.5455729166666666 0.49074074074074076 0.046354166666666696 0.1962962962962963
0 0.13984375 0.5643518518518519 0.08385416666666666 0.3194444444444445
0 0.24557291666666667 0.5587962962962962 0.04010416666666666 0.3083333333333333
0 0.2994791666666667 0.5430555555555555 0.078125 0.2731481481481481
0 0.47395833333333337 0.48796296296296293 0.030208333333333337 0.16111111111111115
0 0.21041666666666664 0.462037037037037 0.02395833333333333 0.06666666666666665
0 0.5453125000000001 0.7361111111111112 0.05312499999999998 0.2685185185185185
