0 0.33671874999999996 0.6842592592592592 0.20052083333333331 0.6314814814814815
0 0.6611979166666666 0.5055555555555555 0.07864583333333341 0.25555555555555554
0 0.44999999999999996 0.5189814814814815 0.04375000000000001 0.2768518518518519
0 0.6010416666666667 0.49583333333333335 0.055208333333333304 0.20833333333333331
0 0.7455729166666667 0.5550925925925926 0.0546875 0.3268518518518519
0 0.7036458333333333 0.5037037037037038 0.03020833333333328 0.15370370370370373
0 0.21171875 0.4819444444444444 0.022395833333333337 0.10462962962962957
0 0.22942708333333334 0.47916666666666663 0.018229166666666685 0.09907407407407404
0 0.28385416666666663 0.5106481481481482 0.026041666666666685 0.11574074074074076
0 0.42734375 0.5768518518518518 0.019270833333333293 0.12777777777777777
0 0.5885416666666667 0.7583333333333333 0.07604166666666667 0.24629629629629635
0 0.6322916666666667 0.8981481481481481 0.0625 0.20370370370370372
0 0.715625 0.8856481481481482 0.08333333333333337 0.17314814814814816
