0 0.60234375 0.6537037037037037 0.09531250000000002 0.5685185185185185
0 0.37578125 0.5347222222222222 0.0776041666666667 0.3064814814814815
0 0.6382812499999999 0.4671296296296296 0.04427083333333337 0.1694444444444444
0 0.5471354166666667 0.48935185185185187 0.046354166666666696 0.19351851851851853
0 0.16484375 0.5569444444444445 0.04947916666666666 0.312037037037037
0 0.30390625 0.45787037037037037 0.025520833333333326 0.11203703703703699
0 0.47265625 0.48703703703703705 0.02864583333333337 0.1555555555555555
0 0.2640625 0.5611111111111111 0.07291666666666669 0.30000000000000004
0 0.21015625 0.4773148148148148 0.022395833333333337 0.09722222222222221
0 0.63515625 0.5375 0.030729166666666696 0.137962962962963
0 0.30833333333333335 0.5981481481481481 0.06458333333333333 0.13518518518518519
0 0.5447916666666667 0.7435185185185185 0.05104166666666665 0.25370370370370365
