0 0.5981770833333333 0.6578703703703703 0.10260416666666672 0.5805555555555556
0 0.41093749999999996 0.5273148148148148 0.041666666666666685 0.29907407407407405
0 0.6348958333333333 0.487962962962963 0.05729166666666674 0.21666666666666667
0 0.5414062500000001 0.4814814814814815 0.04947916666666663 0.1740740740740741
0 0.65546875 0.45833333333333337 0.027604166666666652 0.10740740740740745
0 0.34140625 0.45185185185185184 0.025520833333333326 0.09259259259259262
0 0.20416666666666666 0.5569444444444445 0.09791666666666665 0.2990740740740741
0 0.28541666666666665 0.5555555555555556 0.05416666666666664 0.29259259259259257
0 0.45625000000000004 0.4837962962962963 0.026041666666666685 0.14907407407407408
0 0.615625 0.5398148148148147 0.03125 0.14074074074074072
0 0.35416666666666663 0.5865740740740741 0.07187499999999997 0.15462962962962956
0 0.5445312499999999 0.7458333333333333 0.04531249999999998 0.25462962962962965
0 0.6049479166666667 0.7893518518518519 0.014062499999999978 0.10833333333333339
0 0.6627604166666667 0.798148148148148 0.03593750000000007 0.09444444444444444
