0 0.7614583333333333 0.49537037037037035 0.07916666666666661 0.2537037037037037
0 0.46015625 0.5162037037037037 0.03489583333333335 0.27870370370370373
0 0.72265625 0.6328703703703704 0.047395833333333304 0.5027777777777778
0 0.8645833333333333 0.5824074074074074 0.09583333333333333 0.387037037037037
0 0.6661458333333333 0.5087962962962963 0.07916666666666661 0.23425925925925922
0 0.5885416666666667 0.4703703703703703 0.017708333333333326 0.14259259259259255
0 0.35963541666666665 0.525462962962963 0.04739583333333336 0.2509259259259259
0 0.4388020833333333 0.538425925925926 0.041145833333333326 0.26944444444444443
0 0.4953125 0.44907407407407407 0.025000000000000022 0.09074074074074073
0 0.39869791666666665 0.47453703703703703 0.021354166666666674 0.11759259259259258
0 0.20963541666666669 0.4638888888888889 0.018229166666666657 0.06666666666666665
0 0.49479166666666663 0.5703703703703704 0.055208333333333304 0.12407407407407411
0 0.04192708333333333 0.7643518518518518 0.0828125 0.4712962962962963
0 0.6609375 0.7967592592592593 0.07083333333333341 0.2768518518518519
0 0.7786458333333333 0.8944444444444444 0.13750000000000007 0.21111111111111114
0 0.7703125 0.8439814814814814 0.028125000000000067 0.0712962962962963
