0 0.7869791666666667 0.5560185185185185 0.0864583333333333 0.37499999999999994
0 0.46901041666666665 0.4898148148148148 0.022395833333333337 0.2240740740740741
0 0.8770833333333333 0.5796296296296296 0.07187499999999991 0.39814814814814814
0 0.7354166666666666 0.6287037037037038 0.054166666666666585 0.48703703703703705
0 0.6802083333333333 0.5152777777777778 0.07604166666666667 0.24351851851851852
0 0.5046875 0.5143518518518518 0.035416666666666596 0.22870370370370363
0 0.590625 0.4722222222222222 0.018749999999999933 0.14444444444444438
0 0.3690104166666667 0.5240740740740741 0.05989583333333337 0.24629629629629635
0 0.45598958333333334 0.5407407407407407 0.07239583333333333 0.26111111111111107
0 0.3940104166666667 0.4652777777777778 0.02135416666666662 0.10462962962962963
0 0.2140625 0.4810185185185185 0.018750000000000017 0.10092592592592586
0 0.22734375 0.4810185185185185 0.020312499999999983 0.09537037037037033
0 0.6786458333333334 0.788425925925926 0.09999999999999998 0.2935185185185185
0 0.746875 0.8634259259259259 0.06770833333333337 0.23055555555555562
0 0.8197916666666667 0.9060185185185186 0.059374999999999956 0.187962962962963
0 0.7890625 0.849537037037037 0.02604166666666674 0.06944444444444453
