0 0.4486979166666667 0.6356481481481482 0.1682291666666667 0.6435185185185185
0 0.6419270833333334 0.5 0.0776041666666667 0.25740740740740736
0 0.68828125 0.5449074074074074 0.04531249999999998 0.3175925925925926
0 0.7265625 0.55 0.06354166666666661 0.31481481481481477
0 0.5885416666666666 0.4935185185185185 0.0625 0.1962962962962963
0 0.28619791666666666 0.5361111111111111 0.04427083333333337 0.2666666666666666
0 0.353125 0.5439814814814815 0.036458333333333315 0.2731481481481482
0 0.22864583333333333 0.47916666666666663 0.016666666666666663 0.09907407407407404
0 0.21067708333333335 0.4824074074074074 0.02239583333333331 0.10370370370370363
0 0.5791666666666666 0.7597222222222222 0.07187500000000002 0.23981481481481481
0 0.6221354166666666 0.8365740740740741 0.030729166666666585 0.08240740740740737
0 0.67734375 0.8787037037037038 0.05364583333333339 0.16296296296296287
