0 0.5684895833333333 0.6402777777777777 0.17656249999999996 0.600925925925926
0 0.63828125 0.5027777777777778 0.05885416666666665 0.2574074074074075
0 0.4361979166666667 0.5212962962962964 0.036979166666666674 0.28148148148148155
0 0.6760416666666667 0.5300925925925926 0.05208333333333326 0.29907407407407405
0 0.7223958333333333 0.5523148148148148 0.07187500000000002 0.30833333333333335
0 0.3963541666666667 0.5310185185185186 0.048958333333333326 0.24907407407407406
0 0.33307291666666666 0.5481481481481482 0.057812500000000044 0.2814814814814815
0 0.26692708333333337 0.5458333333333334 0.05572916666666666 0.275
0 0.22630208333333335 0.47916666666666663 0.01927083333333332 0.09907407407407404
0 0.21041666666666667 0.48194444444444445 0.021874999999999978 0.10277777777777775
0 0.6721354166666667 0.8148148148148149 0.03802083333333339 0.062962962962963
