0 0.2505208333333333 0.6754629629629629 0.21041666666666664 0.6490740740740741
0 0.6864583333333333 0.5032407407407408 0.078125 0.25648148148148153
0 0.4536458333333333 0.5185185185185186 0.04062499999999997 0.2777777777777778
0 0.6182291666666667 0.4921296296296297 0.0625 0.19722222222222224
0 0.77265625 0.5638888888888889 0.08489583333333328 0.3333333333333333
0 0.590625 0.4583333333333333 0.019791666666666652 0.11481481481481481
0 0.3109375 0.4671296296296297 0.03541666666666671 0.12129629629629629
0 0.41510416666666666 0.475462962962963 0.021874999999999978 0.13240740740740736
0 0.5606770833333333 0.45925925925925926 0.01718749999999991 0.0981481481481481
0 0.378125 0.5458333333333333 0.0697916666666667 0.26759259259259255
0 0.33489583333333334 0.6152777777777778 0.028124999999999956 0.07500000000000007
0 0.6052083333333333 0.7680555555555556 0.05208333333333326 0.2675925925925926
0 0.6846354166666666 0.8967592592592593 0.15885416666666663 0.2064814814814815
