0 0.3783854166666667 0.675 0.19010416666666669 0.65
0 0.6546875 0.5055555555555555 0.07708333333333339 0.2574074074074075
0 0.4510416666666667 0.5199074074074074 0.04166666666666663 0.27685185185185185
0 0.7388020833333333 0.5509259259259259 0.04843750000000002 0.3185185185185185
0 0.5958333333333333 0.5078703703703704 0.05729166666666674 0.22499999999999998
0 0.29713541666666665 0.537037037037037 0.05156250000000001 0.2648148148148148
0 0.6979166666666666 0.5361111111111111 0.03541666666666665 0.262962962962963
0 0.22786458333333331 0.47824074074074074 0.01927083333333332 0.10092592592592592
0 0.21119791666666665 0.4824074074074074 0.02239583333333331 0.10370370370370363
0 0.5729166666666666 0.7583333333333333 0.054166666666666696 0.24259259259259258
0 0.6098958333333333 0.8180555555555555 0.029166666666666674 0.10833333333333339
0 0.6299479166666666 0.8976851851851853 0.05781249999999993 0.2046296296296296
0 0.7088541666666667 0.8824074074074074 0.09270833333333339 0.16666666666666674
