0 0.2989583333333333 0.6837962962962962 0.2041666666666667 0.6324074074074074
0 0.4497395833333333 0.5180555555555556 0.04531250000000003 0.27870370370370373
0 0.671875 0.5078703703703704 0.07708333333333339 0.25462962962962965
0 0.6080729166666667 0.4875 0.06093749999999998 0.19351851851851853
0 0.7565104166666666 0.5587962962962962 0.0703125 0.3324074074074074
0 0.5893229166666667 0.44953703703703707 0.019270833333333348 0.09537037037037038
0 0.56328125 0.45879629629629626 0.01822916666666663 0.09907407407407404
0 0.38645833333333335 0.5462962962962963 0.05312499999999998 0.2666666666666666
0 0.7093750000000001 0.5212962962962964 0.025000000000000022 0.11851851851851858
0 0.43125 0.5787037037037037 0.02291666666666664 0.125925925925926
0 0.5921875 0.7583333333333333 0.0697916666666667 0.24814814814814812
0 0.6359375 0.8990740740740741 0.06874999999999998 0.20185185185185184
0 0.721875 0.8888888888888888 0.08124999999999993 0.18148148148148147
