0 0.8286458333333333 0.5625 0.09999999999999998 0.42500000000000004
0 0.7609375 0.6435185185185185 0.07395833333333335 0.5333333333333334
0 0.9171875 0.5958333333333333 0.10312500000000002 0.42870370370370375
0 0.7111979166666667 0.5125 0.0786458333333333 0.24351851851851858
0 0.3755208333333333 0.525462962962963 0.04999999999999999 0.2509259259259259
0 0.52734375 0.4453703703703704 0.021354166666666563 0.0851851851851852
0 0.47135416666666663 0.5444444444444444 0.04791666666666666 0.25925925925925924
0 0.21145833333333336 0.4824074074074074 0.02291666666666667 0.10185185185185186
0 0.22864583333333333 0.4819444444444444 0.01979166666666668 0.0935185185185185
0 0.5338541666666667 0.562962962962963 0.05937500000000007 0.13333333333333336
0 0.6888020833333333 0.7893518518518519 0.10364583333333333 0.2935185185185185
0 0.7890625 0.8148148148148149 0.027083333333333348 0.11666666666666659
0 0.8072916666666666 0.9018518518518519 0.1020833333333333 0.1962962962962963
