0 0.22109375 0.6694444444444445 0.21822916666666664 0.6611111111111111
0 0.696875 0.5018518518518518 0.07708333333333339 0.25370370370370365
0 0.45338541666666665 0.5171296296296296 0.04010416666666666 0.27685185185185185
0 0.621875 0.6490740740740741 0.07604166666666667 0.512962962962963
0 0.7778645833333333 0.5685185185185185 0.08385416666666667 0.3425925925925926
0 0.5901041666666667 0.461574074074074 0.02083333333333326 0.11944444444444441
0 0.32447916666666665 0.5305555555555556 0.05312499999999998 0.2537037037037037
0 0.38255208333333335 0.5435185185185185 0.059895833333333315 0.27037037037037037
0 0.4158854166666667 0.4740740740740741 0.021354166666666674 0.13148148148148153
0 0.5601562499999999 0.45972222222222225 0.017187500000000022 0.09907407407407409
0 0.6674479166666667 0.47453703703703703 0.02447916666666672 0.10277777777777775
0 0.6872395833333333 0.8953703703703704 0.15468749999999998 0.20925925925925926
