0 0.8067708333333333 0.6754629629629629 0.13541666666666674 0.6490740740740741
0 0.759375 0.6412037037037037 0.0697916666666667 0.5268518518518519
0 0.9111979166666666 0.5930555555555556 0.09010416666666676 0.42870370370370375
0 0.690625 0.662962962962963 0.11249999999999993 0.5444444444444445
0 0.58984375 0.47314814814814815 0.01822916666666674 0.14629629629629626
0 0.5257812500000001 0.4439814814814815 0.021354166666666674 0.08425925925925926
0 0.37473958333333335 0.5277777777777778 0.05156250000000001 0.2462962962962963
0 0.46796875000000004 0.5398148148148149 0.05781249999999999 0.26666666666666666
0 0.21145833333333336 0.48194444444444445 0.02291666666666667 0.10277777777777775
0 0.22864583333333333 0.4819444444444444 0.01979166666666668 0.0935185185185185
0 0.5333333333333333 0.5611111111111111 0.05833333333333335 0.13703703703703707
0 0.7875000000000001 0.8074074074074074 0.025000000000000022 0.10185185185185175
