0 0.07578125 0.6814814814814815 0.15052083333333333 0.6370370370370371
0 0.7424479166666667 0.4902777777777778 0.08385416666666667 0.24907407407407406
0 0.45833333333333337 0.5162037037037037 0.041666666666666685 0.27870370370370373
0 0.70703125 0.5208333333333334 0.04322916666666665 0.27870370370370373
0 0.8348958333333334 0.5675925925925926 0.08854166666666663 0.3648148148148148
0 0.6526041666666667 0.5037037037037038 0.07916666666666661 0.22592592592592597
0 0.5874999999999999 0.4708333333333333 0.017708333333333326 0.14351851851851855
0 0.34817708333333336 0.5263888888888889 0.0390625 0.25277777777777777
0 0.4166666666666667 0.5416666666666666 0.05833333333333335 0.2740740740740741
0 0.49583333333333335 0.5708333333333333 0.03333333333333327 0.11203703703703705
0 0.6390625 0.7847222222222222 0.07499999999999996 0.29907407407407405
0 0.6971354166666666 0.8101851851851852 0.036979166666666674 0.1425925925925926
0 0.7489583333333334 0.8916666666666666 0.08645833333333341 0.21666666666666667
