0 0.6700520833333334 0.6453703703703704 0.19739583333333333 0.6185185185185185
0 0.4278645833333333 0.5236111111111111 0.04843750000000002 0.28240740740740744
0 0.5643229166666667 0.4902777777777778 0.06093750000000009 0.19722222222222224
0 0.3890625 0.45416666666666666 0.02395833333333336 0.09722222222222221
0 0.259375 0.55 0.06979166666666664 0.2814814814814815
0 0.3247395833333333 0.5546296296296296 0.07552083333333331 0.2870370370370371
0 0.44218749999999996 0.4685185185185185 0.016666666666666663 0.10925925925925928
0 0.6046875 0.5879629629629629 0.05625000000000002 0.22962962962962957
0 0.3921875 0.5851851851851851 0.04062499999999997 0.1425925925925926
0 0.5606770833333333 0.7162037037037037 0.04843749999999991 0.18240740740740746
