0 0.6041666666666667 0.6550925925925926 0.09687499999999993 0.5731481481481482
0 0.37578125 0.5351851851851852 0.0776041666666667 0.3055555555555556
0 0.6421874999999999 0.4685185185185185 0.03749999999999998 0.1611111111111111
0 0.5466145833333333 0.4898148148148148 0.046354166666666696 0.19444444444444442
0 0.15416666666666667 0.5564814814814815 0.05833333333333332 0.3129629629629629
0 0.3015625 0.42638888888888893 0.022916666666666696 0.0490740740740741
0 0.2596354166666667 0.5606481481481481 0.06406250000000002 0.3046296296296296
0 0.47291666666666665 0.4888888888888889 0.030208333333333337 0.15740740740740733
0 0.21041666666666664 0.4722222222222222 0.02291666666666667 0.08703703703703702
0 0.3065104166666667 0.6055555555555556 0.06822916666666667 0.1444444444444445
0 0.5453125000000001 0.7421296296296296 0.05208333333333337 0.2564814814814814
