0 0.7369791666666667 0.4912037037037037 0.08333333333333337 0.24907407407407406
0 0.08567708333333333 0.6861111111111111 0.1703125 0.6277777777777778
0 0.45729166666666665 0.5157407407407407 0.041666666666666685 0.2796296296296296
0 0.7036458333333333 0.5106481481481482 0.04166666666666663 0.25833333333333336
0 0.8182291666666667 0.561574074074074 0.06770833333333326 0.3583333333333333
0 0.6473958333333334 0.5115740740740741 0.08020833333333333 0.2416666666666667
0 0.34348958333333335 0.5273148148148148 0.03593750000000001 0.2564814814814815
0 0.5877604166666667 0.4726851851851852 0.01718749999999991 0.14537037037037037
0 0.41640625 0.5425925925925926 0.056770833333333326 0.2722222222222222
0 0.4875 0.5699074074074074 0.025000000000000022 0.11018518518518516
0 0.6364583333333333 0.7944444444444445 0.07499999999999996 0.2851851851851851
0 0.6898437500000001 0.8064814814814815 0.04531249999999998 0.1425925925925926
0 0.7442708333333333 0.8916666666666666 0.078125 0.21666666666666667
