0 0.1484375 0.6787037037037037 0.2041666666666667 0.6425925925925926
0 0.7166666666666667 0.500925925925926 0.078125 0.2574074074074074
0 0.45677083333333335 0.5175925925925926 0.04583333333333334 0.2814814814814815
0 0.6856770833333333 0.4736111111111111 0.035937499999999956 0.175
0 0.7908854166666666 0.5648148148148148 0.056770833333333326 0.3518518518518518
0 0.6302083333333333 0.6541666666666667 0.07187500000000002 0.5212962962962964
0 0.3276041666666667 0.5291666666666667 0.04479166666666662 0.25648148148148153
0 0.5880208333333334 0.46990740740740744 0.017708333333333326 0.13611111111111113
0 0.40338541666666666 0.5425925925925926 0.042187500000000044 0.2722222222222222
0 0.55546875 0.45925925925925926 0.020312500000000067 0.0981481481481481
0 0.41510416666666666 0.4837962962962963 0.015625 0.1157407407407407
0 0.6734374999999999 0.7939814814814815 0.03645833333333337 0.11388888888888893
0 0.24713541666666666 0.8365740740740741 0.03593749999999998 0.17499999999999993
0 0.7052083333333333 0.8939814814814815 0.1166666666666667 0.21203703703703702
