0 0.8010416666666667 0.6754629629629629 0.1395833333333334 0.6490740740740741
0 0.8971354166666666 0.5657407407407408 0.0703125 0.37407407407407406
0 0.7578125 0.6398148148148148 0.06666666666666665 0.5148148148148148
0 0.6888020833333333 0.662962962962963 0.11197916666666663 0.5444444444444445
0 0.5315104166666667 0.5148148148148148 0.0546875 0.22777777777777775
0 0.3729166666666667 0.5291666666666667 0.055208333333333304 0.24351851851851852
0 0.46510416666666665 0.5458333333333333 0.06145833333333334 0.2564814814814815
0 0.21145833333333336 0.48194444444444445 0.02291666666666667 0.10277777777777775
0 0.22838541666666667 0.4819444444444444 0.02031250000000001 0.0935185185185185
0 0.7856770833333333 0.7953703703703704 0.016145833333333304 0.07222222222222219
