0 0.48697916666666663 0.6273148148148149 0.16666666666666669 0.6324074074074074
0 0.6388020833333333 0.5 0.06510416666666674 0.2537037037037037
0 0.7296875 0.55 0.05833333333333335 0.31296296296296294
0 0.5833333333333333 0.49444444444444446 0.06458333333333333 0.2
0 0.6838541666666667 0.5435185185185185 0.05104166666666665 0.29444444444444445
0 0.2817708333333333 0.5347222222222222 0.04479166666666662 0.2657407407407408
0 0.3497395833333333 0.5453703703703704 0.03489583333333335 0.27777777777777773
0 0.4385416666666667 0.5222222222222223 0.030208333333333337 0.20555555555555555
0 0.22838541666666667 0.47916666666666663 0.01614583333333333 0.09907407407407404
0 0.21067708333333335 0.4824074074074074 0.02239583333333331 0.10370370370370363
0 0.4018229166666667 0.5842592592592593 0.04635416666666664 0.13888888888888884
0 0.5854166666666667 0.7560185185185185 0.054166666666666696 0.2324074074074074
0 0.640625 0.8856481481481482 0.08333333333333326 0.19166666666666665
