0 0.5986979166666666 0.6592592592592592 0.10468749999999993 0.587037037037037
0 0.4119791666666667 0.5282407407407408 0.04270833333333335 0.29722222222222217
0 0.6346354166666667 0.4912037037037037 0.05885416666666665 0.22129629629629632
0 0.5416666666666667 0.4810185185185185 0.04999999999999993 0.1731481481481481
0 0.6578125 0.46574074074074073 0.028124999999999956 0.12592592592592589
0 0.20703125 0.5541666666666667 0.09427083333333333 0.2990740740740741
0 0.35546875 0.5361111111111111 0.07343750000000004 0.25555555555555554
0 0.29036458333333337 0.5550925925925926 0.04531250000000003 0.2916666666666667
0 0.45416666666666666 0.4847222222222222 0.02604166666666663 0.14722222222222225
0 0.6151041666666666 0.537962962962963 0.033333333333333326 0.1388888888888889
0 0.5450520833333333 0.7467592592592592 0.04531250000000009 0.25277777777777777
0 0.60546875 0.7902777777777777 0.014062500000000089 0.11018518518518516
0 0.6661458333333333 0.7958333333333334 0.039583333333333304 0.09907407407407398
