0 0.6020833333333333 0.6546296296296297 0.09687500000000004 0.5740740740740741
0 0.3770833333333333 0.5333333333333333 0.07604166666666667 0.30740740740740735
0 0.6380208333333333 0.46990740740740744 0.04375000000000007 0.17129629629629634
0 0.54765625 0.4875 0.04843750000000002 0.19351851851851853
0 0.16901041666666666 0.5578703703703703 0.05052083333333335 0.3138888888888889
0 0.4721354166666667 0.48750000000000004 0.028645833333333315 0.1564814814814815
0 0.2677083333333333 0.5611111111111111 0.08020833333333333 0.30000000000000004
0 0.20989583333333334 0.48194444444444445 0.021875000000000006 0.10277777777777775
0 0.30963541666666666 0.5560185185185186 0.06093749999999998 0.21759259259259262
0 0.5445312499999999 0.7435185185185185 0.04947916666666663 0.25370370370370365
