0 0.5994791666666667 0.6555555555555556 0.10312499999999991 0.574074074074074
0 0.3927083333333333 0.5277777777777778 0.05833333333333335 0.2981481481481481
0 0.6369791666666667 0.475925925925926 0.060416666666666674 0.18888888888888894
0 0.54375 0.48287037037037034 0.046875 0.18425925925925923
0 0.33177083333333335 0.5328703703703703 0.03854166666666664 0.262037037037037
0 0.6447916666666667 0.4449074074074074 0.021874999999999978 0.08611111111111114
0 0.4604166666666667 0.48194444444444445 0.02812500000000001 0.1527777777777778
0 0.19427083333333334 0.5583333333333333 0.08541666666666667 0.30370370370370364
0 0.2716145833333333 0.5606481481481481 0.08281250000000004 0.2972222222222222
0 0.621875 0.5328703703703703 0.03125 0.13611111111111118
0 0.5440104166666666 0.7430555555555556 0.04531249999999998 0.25277777777777777
0 0.6411458333333333 0.7972222222222223 0.018750000000000044 0.09259259259259267
