0 0.8778645833333334 0.6064814814814815 0.24427083333333333 0.6481481481481481
0 0.5919270833333333 0.6546296296296297 0.06406249999999991 0.5740740740740741
0 0.6507812500000001 0.5226851851851853 0.06406250000000002 0.28055555555555556
0 0.41666666666666663 0.5310185185185186 0.052083333333333315 0.29166666666666663
0 0.55234375 0.48657407407407405 0.051562499999999956 0.18981481481481483
0 0.6776041666666666 0.47638888888888886 0.033333333333333326 0.16944444444444445
0 0.37109375 0.45231481481481484 0.02239583333333328 0.09537037037037038
0 0.4458333333333333 0.4791666666666667 0.024999999999999967 0.14722222222222225
0 0.23828125 0.549537037037037 0.04218750000000002 0.28611111111111104
0 0.32109375 0.5564814814814815 0.07239583333333333 0.29074074074074074
0 0.62265625 0.5439814814814815 0.04322916666666665 0.14166666666666666
0 0.37005208333333334 0.5828703703703704 0.046354166666666696 0.14722222222222214
0 0.5510416666666667 0.7569444444444444 0.044791666666666674 0.24537037037037035
