0 0.23567708333333334 0.6722222222222223 0.21197916666666666 0.6555555555555556
0 0.6916666666666667 0.5032407407407408 0.07708333333333339 0.2546296296296296
0 0.45416666666666666 0.5175925925925926 0.04166666666666663 0.2759259259259259
0 0.6184895833333333 0.649537037037037 0.07239583333333333 0.5157407407407408
0 0.775 0.5680555555555555 0.0864583333333333 0.3398148148148148
0 0.590625 0.46018518518518514 0.02083333333333337 0.11666666666666664
0 0.3182291666666667 0.48518518518518516 0.025000000000000022 0.1592592592592592
0 0.4158854166666667 0.4745370370370371 0.0234375 0.1305555555555556
0 0.5601562499999999 0.46064814814814814 0.017187500000000022 0.1027777777777778
0 0.38151041666666663 0.5444444444444445 0.06302083333333336 0.2685185185185185
0 0.33671874999999996 0.6231481481481481 0.02656249999999999 0.07037037037037042
0 0.6854166666666666 0.8962962962962964 0.15833333333333333 0.20740740740740737
