0 0.7609375 0.6236111111111111 0.23541666666666672 0.6379629629629628
0 0.6125 0.5680555555555555 0.08020833333333333 0.4046296296296296
0 0.6617187499999999 0.5078703703703704 0.06822916666666667 0.2509259259259259
0 0.4200520833333333 0.5263888888888889 0.05364583333333334 0.28611111111111104
0 0.5614583333333334 0.48842592592592593 0.054166666666666585 0.1972222222222222
0 0.3815104166666667 0.45092592592592595 0.0234375 0.09259259259259262
0 0.2565104166666667 0.5504629629629629 0.06614583333333335 0.28981481481481486
0 0.44244791666666666 0.47962962962962963 0.0234375 0.1425925925925926
0 0.32343750000000004 0.5564814814814815 0.07708333333333334 0.29074074074074074
0 0.3872395833333333 0.5861111111111111 0.03281249999999997 0.13888888888888884
0 0.5598958333333333 0.6972222222222222 0.04999999999999993 0.12592592592592589
