0 0.3190104166666667 0.6828703703703703 0.2088541666666667 0.6342592592592593
0 0.6674479166666667 0.5060185185185185 0.0786458333333333 0.25833333333333336
0 0.45026041666666666 0.5180555555555555 0.04427083333333337 0.2768518518518518
0 0.60390625 0.4888888888888889 0.05572916666666661 0.1962962962962963
0 0.7497395833333333 0.5574074074074074 0.05885416666666665 0.3296296296296296
0 0.5888020833333334 0.45092592592592595 0.019270833333333237 0.09814814814814815
0 0.3744791666666667 0.5087962962962963 0.030208333333333337 0.1972222222222222
0 0.21223958333333334 0.4814814814814815 0.0234375 0.10370370370370369
0 0.70625 0.513425925925926 0.03020833333333328 0.1601851851851852
0 0.4330729166666667 0.5652777777777778 0.02552083333333338 0.1509259259259259
0 0.5901041666666667 0.7583333333333333 0.07395833333333335 0.24629629629629635
0 0.6341145833333333 0.8990740740740741 0.06510416666666663 0.20185185185185184
0 0.7182291666666667 0.887962962962963 0.08437499999999998 0.17962962962962958
