0 0.50703125 0.6347222222222222 0.17031249999999998 0.6416666666666667
0 0.6338541666666666 0.5 0.07500000000000007 0.2537037037037037
0 0.4408854166666667 0.5152777777777777 0.03802083333333334 0.2694444444444445
0 0.6820312500000001 0.5407407407407407 0.04947916666666663 0.30000000000000004
0 0.5859375 0.6328703703703704 0.054166666666666696 0.4787037037037037
0 0.7283854166666667 0.5513888888888889 0.06093750000000009 0.312037037037037
0 0.27890625 0.537962962962963 0.044270833333333315 0.2759259259259259
0 0.34453125 0.5458333333333334 0.041145833333333326 0.28055555555555556
0 0.4083333333333333 0.44861111111111107 0.023958333333333304 0.08240740740740743
0 0.22760416666666666 0.47916666666666663 0.01874999999999999 0.09907407407407404
0 0.21067708333333335 0.4824074074074074 0.02239583333333331 0.10370370370370363
0 0.39973958333333337 0.5833333333333334 0.049479166666666685 0.1425925925925926
0 0.6346354166666667 0.8949074074074075 0.0703125 0.21018518518518514
