0 0.15390625 0.6731481481481482 0.21197916666666666 0.6537037037037037
0 0.71328125 0.5027777777777778 0.0786458333333333 0.25925925925925924
0 0.4575520833333333 0.5175925925925926 0.04739583333333336 0.2796296296296297
0 0.6822916666666667 0.4722222222222222 0.033333333333333326 0.17037037037037045
0 0.7877604166666666 0.5657407407407407 0.0630208333333333 0.35
0 0.6309895833333333 0.65 0.0786458333333333 0.5166666666666666
0 0.32421875 0.5287037037037037 0.05052083333333335 0.25555555555555554
0 0.5880208333333334 0.4685185185185185 0.017708333333333326 0.13518518518518519
0 0.4002604166666667 0.5421296296296296 0.04010416666666666 0.2712962962962963
0 0.5559895833333333 0.45787037037037037 0.020312500000000067 0.09537037037037033
0 0.41484375 0.47685185185185186 0.017187500000000022 0.12777777777777777
0 0.2604166666666667 0.8342592592592593 0.03541666666666668 0.17592592592592593
0 0.671875 0.8004629629629629 0.034375000000000044 0.09907407407407409
0 0.7010416666666667 0.887962962962963 0.1260416666666666 0.19259259259259265
