0 0.6018229166666667 0.6550925925925926 0.09635416666666674 0.5731481481481482
0 0.63671875 0.46759259259259256 0.046354166666666696 0.17777777777777776
0 0.37812500000000004 0.5328703703703703 0.07500000000000001 0.3046296296296297
0 0.54765625 0.48842592592592593 0.046354166666666585 0.19537037037037042
0 0.17447916666666669 0.5555555555555556 0.056249999999999994 0.30925925925925923
0 0.31223958333333335 0.5337962962962963 0.05572916666666666 0.26203703703703707
0 0.4700520833333333 0.48611111111111116 0.027604166666666652 0.15370370370370373
0 0.26848958333333334 0.5625 0.08177083333333335 0.3009259259259259
0 0.21015625 0.4814814814814815 0.022395833333333337 0.10370370370370369
0 0.5445312499999999 0.7421296296296296 0.04947916666666663 0.25462962962962965
