0 0.7958333333333334 0.6768518518518518 0.13958333333333328 0.6462962962962964
0 0.8927083333333333 0.5527777777777778 0.06875000000000009 0.3518518518518519
0 0.7557291666666667 0.6412037037037037 0.06354166666666661 0.5175925925925926
0 0.6861979166666667 0.6643518518518519 0.11093750000000002 0.5435185185185185
0 0.5289062499999999 0.5143518518518518 0.04947916666666663 0.22870370370370363
0 0.5908854166666666 0.47314814814814815 0.020312500000000067 0.14629629629629626
0 0.37135416666666665 0.5277777777777778 0.05833333333333335 0.24444444444444446
0 0.4614583333333333 0.5439814814814815 0.06770833333333331 0.25833333333333336
0 0.21171875 0.4824074074074074 0.022395833333333337 0.10370370370370363
0 0.22864583333333333 0.4819444444444444 0.01979166666666668 0.0935185185185185
