0 0.07109375 0.6791666666666667 0.14114583333333333 0.6416666666666666
0 0.7450520833333334 0.4898148148148148 0.08489583333333328 0.25
0 0.45833333333333337 0.5157407407407407 0.041666666666666685 0.2796296296296296
0 0.7098958333333334 0.5143518518518518 0.04583333333333328 0.2657407407407408
0 0.8421875 0.5685185185185185 0.09791666666666665 0.36481481481481476
0 0.6526041666666667 0.5055555555555555 0.07916666666666661 0.23333333333333334
0 0.5877604166666667 0.4712962962962963 0.01718749999999991 0.14444444444444443
0 0.34921875 0.5268518518518519 0.04322916666666671 0.2518518518518519
0 0.48124999999999996 0.43287037037037035 0.020833333333333315 0.06203703703703706
0 0.41874999999999996 0.5412037037037037 0.05937500000000001 0.27499999999999997
0 0.40156250000000004 0.4476851851851852 0.020833333333333315 0.0712962962962963
0 0.5531250000000001 0.4574074074074074 0.021874999999999978 0.08703703703703702
0 0.4994791666666667 0.5712962962962963 0.034375000000000044 0.10925925925925917
0 0.6390625000000001 0.7949074074074074 0.07291666666666663 0.2768518518518519
0 0.7018229166666666 0.8009259259259259 0.031770833333333304 0.15370370370370368
0 0.7713541666666667 0.8912037037037037 0.059374999999999956 0.21759259259259256
0 0.725 0.8171296296296295 0.022916666666666696 0.062037037037037
