0 0.778125 0.4990740740740741 0.08124999999999993 0.2648148148148149
0 0.46744791666666663 0.5125 0.02656249999999999 0.2694444444444445
0 0.8744791666666667 0.5800925925925926 0.078125 0.39537037037037037
0 0.73125 0.6402777777777778 0.05208333333333337 0.5138888888888888
0 0.6742187500000001 0.512962962962963 0.07656249999999998 0.23888888888888887
0 0.5036458333333333 0.44027777777777777 0.021874999999999922 0.08240740740740737
0 0.5903645833333333 0.47175925925925927 0.01822916666666663 0.1435185185185185
0 0.36796875 0.5236111111111111 0.05885416666666665 0.2416666666666667
0 0.4510416666666667 0.538888888888889 0.06354166666666666 0.2666666666666667
0 0.39713541666666663 0.4736111111111111 0.02031250000000001 0.11944444444444446
0 0.22812500000000002 0.48148148148148145 0.020833333333333343 0.09444444444444444
0 0.49869791666666663 0.5712962962962963 0.047395833333333304 0.1166666666666667
0 0.6744791666666667 0.7861111111111112 0.09270833333333328 0.29814814814814816
0 0.7445312500000001 0.8759259259259259 0.06406250000000002 0.20925925925925926
0 0.8177083333333333 0.9041666666666667 0.06458333333333333 0.19166666666666665
0 0.7841145833333334 0.8462962962962963 0.02239583333333328 0.07037037037037042
