0 0.27994791666666663 0.6810185185185185 0.20260416666666664 0.637962962962963
0 0.6776041666666666 0.5060185185185185 0.08020833333333333 0.26018518518518513
0 0.4513020833333333 0.5189814814814815 0.04010416666666666 0.2787037037037037
0 0.61015625 0.48796296296296293 0.06302083333333341 0.19444444444444442
0 0.7627604166666666 0.5601851851851852 0.07968750000000002 0.3333333333333333
0 0.590625 0.45185185185185184 0.02083333333333337 0.10000000000000003
0 0.5622395833333333 0.45879629629629626 0.01822916666666674 0.09907407407407404
0 0.38385416666666666 0.5458333333333333 0.05729166666666663 0.26759259259259255
0 0.7114583333333333 0.5115740740740741 0.025000000000000022 0.08611111111111108
0 0.42994791666666665 0.5777777777777777 0.02031250000000001 0.12962962962962965
0 0.5963541666666667 0.7606481481481482 0.06458333333333333 0.2509259259259259
0 0.63828125 0.8981481481481481 0.07135416666666661 0.20370370370370372
0 0.7236979166666666 0.8888888888888888 0.07968750000000002 0.1777777777777777
