0 0.4161458333333333 0.6537037037037037 0.18333333333333335 0.6481481481481481
0 0.64921875 0.49675925925925923 0.08281250000000007 0.2564814814814815
0 0.7338541666666667 0.549537037037037 0.05104166666666665 0.3157407407407407
0 0.5934895833333333 0.5064814814814815 0.0630208333333333 0.2222222222222222
0 0.6929687499999999 0.5398148148148149 0.041145833333333326 0.27592592592592596
0 0.2989583333333333 0.5361111111111111 0.06145833333333334 0.2648148148148148
0 0.35442708333333334 0.5319444444444444 0.036979166666666674 0.23611111111111116
0 0.22682291666666665 0.47824074074074074 0.01927083333333332 0.10092592592592592
0 0.21041666666666667 0.4824074074074074 0.021874999999999978 0.10370370370370363
0 0.5815104166666667 0.7546296296296295 0.07447916666666665 0.2518518518518519
0 0.6716145833333333 0.8944444444444445 0.13802083333333326 0.20925925925925926
