0 0.06614583333333333 0.6810185185185185 0.13125 0.637962962962963
0 0.7489583333333334 0.4898148148148148 0.08645833333333341 0.25
0 0.459375 0.5157407407407407 0.041666666666666685 0.2796296296296296
0 0.7122395833333334 0.5143518518518518 0.046354166666666696 0.2657407407407408
0 0.8484375 0.5708333333333333 0.10416666666666663 0.3657407407407407
0 0.6567708333333333 0.5037037037037038 0.07916666666666672 0.22777777777777775
0 0.5880208333333334 0.4712962962962963 0.017708333333333326 0.1425925925925926
0 0.3510416666666667 0.5226851851851851 0.04375000000000001 0.24166666666666664
0 0.48333333333333334 0.43657407407407406 0.023958333333333304 0.06944444444444442
0 0.41953125 0.5416666666666666 0.05364583333333334 0.27592592592592585
0 0.40078125 0.4486111111111111 0.02031250000000001 0.0712962962962963
0 0.5002604166666667 0.5712962962962963 0.0390625 0.1074074074074074
0 0.6440104166666667 0.787037037037037 0.07343750000000004 0.2962962962962964
0 0.7078125 0.7986111111111112 0.025000000000000022 0.15833333333333333
0 0.75859375 0.8921296296296296 0.10364583333333333 0.2157407407407408
