0 0.12421875 0.6837962962962962 0.22968750000000002 0.6324074074074074
0 0.7221354166666667 0.49907407407407406 0.07968750000000002 0.25370370370370365
0 0.4549479166666667 0.5171296296296296 0.04010416666666666 0.2787037037037037
0 0.6919270833333333 0.5023148148148149 0.03802083333333328 0.23425925925925928
0 0.796875 0.5629629629629629 0.05104166666666665 0.3555555555555555
0 0.6325520833333333 0.662962962962963 0.07552083333333326 0.537037037037037
0 0.3338541666666667 0.5268518518518518 0.03437499999999999 0.25925925925925924
0 0.5880208333333334 0.47268518518518515 0.017708333333333326 0.1435185185185185
0 0.4096354166666667 0.5421296296296296 0.04635416666666664 0.27314814814814814
0 0.55546875 0.45787037037037037 0.019270833333333348 0.09907407407407409
0 0.6744791666666667 0.788888888888889 0.03437499999999993 0.12037037037037035
0 0.7158854166666666 0.8935185185185186 0.09531250000000002 0.2129629629629629
