0 0.7690104166666667 0.49629629629629624 0.0786458333333333 0.25925925925925924
0 0.4630208333333333 0.5175925925925926 0.030208333333333337 0.2814814814814815
0 0.72578125 0.6347222222222222 0.04947916666666663 0.5046296296296297
0 0.8690104166666666 0.5787037037037037 0.08802083333333333 0.39074074074074067
0 0.6705729166666666 0.5092592592592593 0.0786458333333333 0.23518518518518522
0 0.5895833333333333 0.47175925925925927 0.017708333333333326 0.1435185185185185
0 0.4994791666666667 0.4458333333333333 0.02395833333333336 0.08796296296296297
0 0.36484375 0.5240740740740741 0.05364583333333334 0.24074074074074076
0 0.44296875 0.537962962962963 0.04843749999999997 0.26851851851851855
0 0.39739583333333334 0.475 0.021874999999999978 0.12222222222222223
0 0.4950520833333333 0.5675925925925926 0.054687499999999944 0.13148148148148142
0 0.029947916666666668 0.7189814814814814 0.059895833333333336 0.3287037037037037
0 0.66875 0.788425925925926 0.08124999999999993 0.2935185185185185
0 0.7411458333333334 0.8726851851851851 0.05937500000000007 0.21574074074074068
0 0.8138020833333334 0.9009259259259259 0.07447916666666665 0.19814814814814818
0 0.778125 0.8453703703703703 0.02604166666666663 0.07592592592592584
