0 0.5986979166666667 0.6537037037037037 0.1015625 0.5703703703703704
0 0.3848958333333333 0.5287037037037037 0.06354166666666666 0.2962962962962963
0 0.6354166666666666 0.4675925925925926 0.054166666666666696 0.1703703703703704
0 0.546875 0.4861111111111111 0.04166666666666674 0.19259259259259254
0 0.32265625 0.5333333333333333 0.0390625 0.26481481481481484
0 0.18723958333333335 0.4273148148148148 0.02447916666666669 0.04722222222222222
0 0.46354166666666663 0.4824074074074074 0.02395833333333336 0.15370370370370368
0 0.2703125 0.562962962962963 0.084375 0.29629629629629634
0 0.19192708333333333 0.5777777777777777 0.08281250000000001 0.25925925925925924
0 0.6268229166666667 0.5361111111111111 0.03281249999999991 0.13518518518518524
0 0.5442708333333334 0.7430555555555556 0.046875 0.2509259259259259
0 0.6388020833333333 0.7865740740740741 0.016145833333333304 0.11388888888888893
