0 0.7322916666666667 0.6282407407407408 0.21458333333333335 0.6342592592592593
0 0.6130208333333333 0.5777777777777777 0.07395833333333335 0.4203703703703704
0 0.421875 0.5254629629629629 0.048958333333333326 0.2879629629629629
0 0.5622395833333333 0.4893518518518518 0.0546875 0.19537037037037036
0 0.38359375 0.45 0.025520833333333326 0.09259259259259256
0 0.2572916666666667 0.5523148148148148 0.06666666666666668 0.287962962962963
0 0.32395833333333335 0.5550925925925926 0.07708333333333334 0.287962962962963
0 0.44296875 0.48148148148148145 0.02031250000000001 0.14074074074074072
0 0.38958333333333334 0.5884259259259259 0.03645833333333337 0.1342592592592593
0 0.5622395833333333 0.6995370370370371 0.052604166666666674 0.14907407407407403
