0 0.60078125 0.6537037037037037 0.09843750000000007 0.5740740740740742
0 0.6341145833333333 0.46435185185185185 0.04843750000000002 0.17314814814814816
0 0.37890625 0.5324074074074074 0.07447916666666665 0.3055555555555556
0 0.5473958333333333 0.4861111111111111 0.046875 0.19074074074074077
0 0.18203124999999998 0.5555555555555556 0.06510416666666666 0.30925925925925923
0 0.3143229166666667 0.5333333333333333 0.0546875 0.262962962962963
0 0.46848958333333335 0.4833333333333333 0.027604166666666652 0.15185185185185185
0 0.26875 0.5648148148148148 0.08229166666666665 0.2962962962962962
0 0.21041666666666664 0.4819444444444444 0.02291666666666667 0.10462962962962957
0 0.5442708333333333 0.7425925925925926 0.048958333333333326 0.25370370370370376
0 0.63828125 0.7847222222222222 0.016145833333333304 0.1157407407407407
