0 0.73984375 0.4912037037037037 0.08281249999999996 0.24722222222222223
0 0.08046875 0.6842592592592592 0.15989583333333335 0.6314814814814815
0 0.45807291666666666 0.5157407407407407 0.042187500000000044 0.2796296296296296
0 0.70546875 0.5097222222222222 0.04322916666666665 0.2564814814814815
0 0.8268229166666666 0.5643518518518518 0.0776041666666667 0.3583333333333333
0 0.6486979166666667 0.5069444444444444 0.08281249999999996 0.23425925925925928
0 0.5877604166666667 0.4712962962962963 0.01718749999999991 0.1425925925925926
0 0.3453125 0.5277777777777778 0.03854166666666664 0.25370370370370376
0 0.41640625 0.5425925925925925 0.05885416666666671 0.274074074074074
0 0.49192708333333335 0.5689814814814815 0.030729166666666696 0.11203703703703705
0 0.63671875 0.7939814814814815 0.07447916666666665 0.2842592592592592
0 0.6927083333333333 0.8097222222222222 0.04166666666666663 0.13611111111111107
0 0.7463541666666667 0.8916666666666666 0.08229166666666665 0.21666666666666667
