0 0.8893229166666667 0.6018518518518519 0.21614583333333337 0.6351851851851851
0 0.5997395833333334 0.6532407407407408 0.08385416666666667 0.575
0 0.6486979166666667 0.5203703703703704 0.06510416666666674 0.2796296296296297
0 0.41640625 0.5314814814814814 0.05156250000000001 0.2925925925925926
0 0.5510416666666667 0.48518518518518516 0.05104166666666665 0.18703703703703706
0 0.6755208333333333 0.4722222222222222 0.03229166666666661 0.15370370370370368
0 0.23333333333333334 0.5486111111111112 0.038541666666666696 0.2898148148148148
0 0.3677083333333333 0.4546296296296296 0.02291666666666664 0.0981481481481481
0 0.44661458333333337 0.4800925925925926 0.024479166666666663 0.1472222222222222
0 0.31953125000000004 0.5550925925925926 0.06927083333333334 0.28981481481481475
0 0.365625 0.5898148148148148 0.05416666666666664 0.1333333333333333
0 0.5497395833333334 0.7550925925925926 0.04218749999999993 0.24537037037037035
