0 0.7549479166666666 0.49074074074074076 0.07968750000000002 0.2518518518518519
0 0.45833333333333337 0.5166666666666666 0.036458333333333315 0.2796296296296296
0 0.7197916666666666 0.6273148148148148 0.04999999999999993 0.4972222222222222
0 0.6619791666666667 0.5046296296296297 0.078125 0.23148148148148145
0 0.8596354166666667 0.5773148148148148 0.10364583333333333 0.375
0 0.3528645833333333 0.525462962962963 0.041145833333333326 0.2509259259259259
0 0.5888020833333334 0.47175925925925927 0.017187500000000022 0.1435185185185185
0 0.48958333333333337 0.43425925925925923 0.022916666666666696 0.06481481481481483
0 0.43255208333333334 0.5361111111111111 0.04531249999999998 0.2666666666666666
0 0.39869791666666665 0.4550925925925926 0.02031250000000001 0.08055555555555555
0 0.05182291666666666 0.7143518518518519 0.10260416666666666 0.5712962962962963
0 0.21145833333333336 0.46805555555555556 0.02291666666666667 0.07499999999999996
0 0.4989583333333333 0.5680555555555555 0.046874999999999944 0.12129629629629624
0 0.6575520833333334 0.7828703703703703 0.06614583333333335 0.3046296296296297
0 0.7731770833333333 0.8930555555555555 0.12864583333333335 0.2138888888888889
