0 0.7752604166666667 0.6708333333333334 0.12135416666666665 0.6157407407407407
0 0.47005208333333337 0.49027777777777776 0.022395833333333337 0.22499999999999998
0 0.8791666666666667 0.5787037037037037 0.06874999999999998 0.39999999999999997
0 0.7390625 0.6319444444444444 0.05625000000000002 0.4953703703703704
0 0.6799479166666667 0.6643518518518519 0.10260416666666661 0.5416666666666667
0 0.5098958333333333 0.5143518518518518 0.03125 0.23055555555555557
0 0.5903645833333333 0.47175925925925927 0.019270833333333348 0.1435185185185185
0 0.36979166666666663 0.525 0.06145833333333334 0.2462962962962963
0 0.45703125 0.5421296296296296 0.07343750000000004 0.26203703703703707
0 0.39296875 0.4722222222222222 0.02031250000000001 0.11851851851851847
0 0.54609375 0.45185185185185184 0.01822916666666663 0.07407407407407407
0 0.21354166666666669 0.4814814814814815 0.020833333333333343 0.10185185185185186
0 0.22786458333333331 0.48148148148148145 0.01927083333333332 0.09444444444444444
0 0.8231770833333334 0.9069444444444444 0.05572916666666672 0.18611111111111112
0 0.7908854166666667 0.8518518518518519 0.02968750000000009 0.07407407407407407
