0 0.8606770833333334 0.6041666666666666 0.25364583333333335 0.6435185185185186
0 0.6044270833333334 0.6462962962962963 0.08385416666666667 0.5648148148148149
0 0.65234375 0.5287037037037037 0.06406249999999991 0.2907407407407407
0 0.41822916666666665 0.5314814814814814 0.05416666666666664 0.2907407407407407
0 0.5544270833333333 0.48564814814814816 0.05052083333333335 0.18796296296296294
0 0.68046875 0.4731481481481482 0.03385416666666663 0.15925925925925927
0 0.24557291666666667 0.5504629629629629 0.049479166666666685 0.28981481481481486
0 0.44505208333333335 0.4787037037037037 0.0234375 0.14629629629629626
0 0.3768229166666667 0.4560185185185185 0.02864583333333337 0.09907407407407404
0 0.321875 0.5555555555555556 0.07395833333333329 0.28888888888888886
0 0.37395833333333334 0.5833333333333333 0.038541666666666696 0.14629629629629626
0 0.5526041666666667 0.7537037037037038 0.046875 0.2518518518518519
