0 0.5981770833333333 0.6546296296296297 0.10260416666666672 0.5740740740740741
0 0.3888020833333333 0.5277777777777778 0.06093749999999998 0.2962962962962963
0 0.6361979166666667 0.46759259259259256 0.056770833333333326 0.17407407407407405
0 0.5450520833333333 0.48333333333333334 0.04427083333333326 0.19074074074074077
0 0.6419270833333333 0.437962962962963 0.020312500000000067 0.0759259259259259
0 0.32786458333333335 0.5328703703703703 0.036979166666666674 0.26388888888888895
0 0.19296875 0.5578703703703703 0.08385416666666667 0.3046296296296296
0 0.46119791666666665 0.4824074074074074 0.02656249999999999 0.15370370370370368
0 0.27083333333333337 0.562037037037037 0.08437500000000003 0.2962962962962963
0 0.62421875 0.5347222222222222 0.03281250000000002 0.13425925925925924
0 0.54453125 0.7444444444444445 0.046354166666666696 0.25
0 0.6393229166666667 0.799074074074074 0.017187500000000022 0.09074074074074079
