0 0.9117187499999999 0.5986111111111111 0.17343750000000002 0.6009259259259259
0 0.6020833333333333 0.6796296296296296 0.1020833333333333 0.625925925925926
0 0.6429687500000001 0.5125 0.06406250000000002 0.262037037037037
0 0.4158854166666667 0.5305555555555556 0.05156250000000001 0.29444444444444445
0 0.5481770833333334 0.4652777777777778 0.046354166666666696 0.1472222222222222
0 0.6705729166666667 0.475 0.03281250000000002 0.1555555555555556
0 0.22890624999999998 0.549537037037037 0.048437499999999994 0.29537037037037034
0 0.44895833333333335 0.48009259259259257 0.025000000000000022 0.1435185185185185
0 0.30963541666666666 0.5550925925925926 0.0546875 0.2916666666666667
0 0.36067708333333337 0.4560185185185185 0.022395833333333337 0.0935185185185185
0 0.61875 0.5435185185185185 0.039583333333333304 0.1425925925925926
0 0.3588541666666667 0.5921296296296297 0.06666666666666671 0.13796296296296295
0 0.5471354166666667 0.7523148148148148 0.04427083333333326 0.24722222222222223
0 0.6057291666666667 0.7958333333333334 0.013541666666666674 0.10092592592592597
0 0.6705729166666666 0.8009259259259259 0.0390625 0.09629629629629632
