0 0.2651041666666667 0.6791666666666667 0.20416666666666666 0.6416666666666666
0 0.6815104166666667 0.5023148148148148 0.0786458333333333 0.2564814814814815
0 0.45182291666666663 0.5171296296296296 0.03802083333333334 0.2787037037037037
0 0.6127604166666667 0.4935185185185185 0.05885416666666665 0.20185185185185184
0 0.7682291666666667 0.5615740740740741 0.08437499999999998 0.33055555555555555
0 0.5908854166666666 0.4537037037037037 0.021354166666666674 0.10370370370370369
0 0.3140625 0.4712962962962963 0.02395833333333336 0.12777777777777782
0 0.3807291666666667 0.5449074074074074 0.06458333333333333 0.2712962962962963
0 0.41901041666666666 0.4759259259259259 0.01822916666666663 0.12962962962962965
0 0.5611979166666667 0.46064814814814814 0.017187500000000022 0.09722222222222227
0 0.53046875 0.44907407407407407 0.016145833333333415 0.06666666666666665
0 0.7145833333333333 0.5162037037037037 0.02083333333333326 0.08240740740740748
0 0.43046874999999996 0.5736111111111111 0.022395833333333337 0.13611111111111118
0 0.6005208333333334 0.7666666666666666 0.05729166666666663 0.2648148148148147
0 0.6833333333333333 0.8990740740740741 0.15937500000000004 0.20185185185185184
