0 0.9664062499999999 0.5962962962962963 0.06406250000000002 0.4962962962962963
0 0.5994791666666667 0.6666666666666666 0.10416666666666674 0.6000000000000001
0 0.4122395833333333 0.5282407407407408 0.04427083333333337 0.29722222222222217
0 0.6354166666666667 0.5 0.05937500000000007 0.23888888888888893
0 0.5419270833333334 0.47824074074074074 0.05156250000000007 0.17870370370370364
0 0.6614583333333333 0.475462962962963 0.03020833333333328 0.1472222222222222
0 0.21041666666666667 0.5555555555555556 0.08645833333333336 0.30185185185185187
0 0.29713541666666665 0.5555555555555556 0.0390625 0.29259259259259257
0 0.34791666666666665 0.4546296296296296 0.025000000000000022 0.09074074074074073
0 0.45338541666666665 0.4842592592592593 0.03072916666666664 0.14814814814814814
0 0.35520833333333335 0.5884259259259259 0.07291666666666669 0.14907407407407414
0 0.5453125 0.7476851851851851 0.04583333333333339 0.25462962962962965
0 0.6067708333333334 0.7930555555555556 0.015625 0.11203703703703705
0 0.6684895833333333 0.7981481481481482 0.041145833333333326 0.0981481481481481
