0 0.20651041666666664 0.6680555555555556 0.22239583333333332 0.6638888888888889
0 0.70078125 0.499537037037037 0.0776041666666667 0.2527777777777777
0 0.4536458333333333 0.5171296296296296 0.04062499999999997 0.2787037037037037
0 0.6252604166666667 0.6481481481481481 0.07656249999999998 0.5148148148148148
0 0.7802083333333334 0.5675925925925926 0.07916666666666672 0.3425925925925926
0 0.5893229166666667 0.4629629629629629 0.019270833333333348 0.12222222222222218
0 0.3216145833333333 0.5300925925925926 0.056770833333333326 0.2527777777777777
0 0.38541666666666663 0.5425925925925926 0.05416666666666664 0.2703703703703704
0 0.4153645833333333 0.4740740740740741 0.021354166666666674 0.13148148148148153
0 0.5580729166666667 0.45972222222222225 0.01822916666666663 0.10092592592592592
0 0.6705729166666667 0.4712962962962963 0.02447916666666672 0.12222222222222223
0 0.66484375 0.8064814814814816 0.021354166666666674 0.0537037037037037
0 0.68984375 0.8893518518518518 0.1494791666666666 0.20092592592592595
