0 0.7515624999999999 0.4925925925925926 0.08020833333333333 0.2537037037037037
0 0.4591145833333333 0.5162037037037037 0.04010416666666666 0.27870370370370373
0 0.71640625 0.6319444444444444 0.047395833333333304 0.5064814814814815
0 0.6580729166666667 0.6625000000000001 0.08177083333333335 0.5453703703703704
0 0.8572916666666667 0.5773148148148148 0.10624999999999996 0.375
0 0.057291666666666664 0.6953703703703704 0.11458333333333333 0.6092592592592593
0 0.5880208333333334 0.4699074074074074 0.017708333333333326 0.1435185185185185
0 0.3528645833333333 0.524537037037037 0.04322916666666665 0.24722222222222223
0 0.48802083333333335 0.437962962962963 0.02604166666666674 0.07037037037037036
0 0.4291666666666667 0.5375 0.04999999999999999 0.2657407407407408
0 0.39973958333333337 0.44907407407407407 0.018229166666666685 0.07037037037037042
0 0.21119791666666668 0.4643518518518519 0.0234375 0.06759259259259259
0 0.49713541666666666 0.5680555555555555 0.04947916666666663 0.12129629629629624
0 0.76875 0.8930555555555555 0.12083333333333335 0.2138888888888889
