0 0.4658854166666667 0.6305555555555555 0.1682291666666667 0.6407407407407408
0 0.6403645833333333 0.5009259259259259 0.07447916666666665 0.2555555555555555
0 0.73125 0.5509259259259259 0.055208333333333415 0.31296296296296294
0 0.5861979166666667 0.4949074074074074 0.06510416666666674 0.19907407407407407
0 0.6864583333333334 0.5407407407407407 0.04791666666666672 0.2888888888888889
0 0.2830729166666667 0.5361111111111111 0.04427083333333337 0.27037037037037037
0 0.3510416666666667 0.5453703703703704 0.036458333333333315 0.27777777777777773
0 0.22682291666666665 0.47916666666666663 0.018229166666666657 0.09907407407407404
0 0.21067708333333335 0.48194444444444445 0.02239583333333331 0.10277777777777775
0 0.40651041666666665 0.5736111111111111 0.04635416666666664 0.13240740740740742
0 0.7078125 0.6550925925925926 0.033333333333333326 0.056481481481481466
0 0.5791666666666666 0.7574074074074074 0.06874999999999998 0.24444444444444446
0 0.6463541666666667 0.8879629629629631 0.09479166666666661 0.1962962962962963
