0 0.7294270833333334 0.49166666666666664 0.08385416666666667 0.24814814814814812
0 0.10572916666666667 0.6888888888888889 0.209375 0.6222222222222222
0 0.4552083333333333 0.5171296296296296 0.039583333333333304 0.2787037037037037
0 0.8065104166666666 0.562037037037037 0.056770833333333326 0.35740740740740734
0 0.6963541666666666 0.5037037037037038 0.038541666666666585 0.23703703703703705
0 0.6356770833333334 0.6625000000000001 0.08072916666666663 0.5398148148148149
0 0.3375 0.5268518518518519 0.03854166666666664 0.2574074074074074
0 0.5880208333333334 0.47268518518518515 0.017708333333333326 0.1435185185185185
0 0.4140625 0.5425925925925926 0.054166666666666696 0.2722222222222222
0 0.5541666666666667 0.45787037037037037 0.017708333333333326 0.09537037037037033
0 0.21067708333333335 0.48194444444444445 0.02239583333333331 0.10277777777777775
0 0.6833333333333333 0.799074074074074 0.046875 0.14074074074074072
0 0.7315104166666666 0.8912037037037037 0.07864583333333341 0.2157407407407408
