0 0.9002604166666667 0.6013888888888889 0.1953125 0.625
0 0.5984375 0.6810185185185185 0.08854166666666663 0.625
0 0.6460937499999999 0.5240740740740741 0.06093749999999998 0.2814814814814815
0 0.4161458333333333 0.5310185185185186 0.05208333333333337 0.29351851851851857
0 0.5497395833333334 0.4671296296296297 0.04947916666666663 0.15092592592592596
0 0.6734374999999999 0.4736111111111111 0.033333333333333326 0.15462962962962962
0 0.23203125 0.5476851851851852 0.04218749999999999 0.2953703703703704
0 0.4473958333333333 0.4800925925925926 0.025000000000000022 0.1472222222222222
0 0.36458333333333337 0.4537037037037037 0.02291666666666664 0.09259259259259262
0 0.31666666666666665 0.5550925925925926 0.06458333333333333 0.2916666666666667
0 0.6195312500000001 0.5435185185185185 0.041145833333333326 0.1425925925925926
0 0.3627604166666667 0.5898148148148148 0.059895833333333315 0.13888888888888884
0 0.5481770833333333 0.7527777777777778 0.04427083333333337 0.24444444444444446
0 0.6611979166666666 0.7944444444444445 0.01822916666666663 0.07592592592592584
