0 0.6 0.6532407407407408 0.1020833333333333 0.5694444444444444
0 0.3822916666666667 0.5310185185185186 0.06666666666666671 0.30092592592592593
0 0.6354166666666667 0.4685185185185185 0.04791666666666672 0.17592592592592593
0 0.546875 0.4875 0.04583333333333339 0.1953703703703703
0 0.31744791666666666 0.5333333333333333 0.047395833333333304 0.26481481481481484
0 0.18802083333333333 0.5560185185185185 0.07291666666666669 0.3083333333333333
0 0.4666666666666667 0.4833333333333333 0.025000000000000022 0.15185185185185185
0 0.26927083333333335 0.5648148148148148 0.084375 0.2962962962962962
0 0.21041666666666664 0.48194444444444445 0.02291666666666667 0.10277777777777775
0 0.63125 0.5351851851851852 0.039583333333333304 0.13333333333333336
0 0.5445312499999999 0.7430555555555556 0.04843750000000002 0.2509259259259259
0 0.6385416666666667 0.7847222222222222 0.015625 0.1157407407407407
