0 0.6049479166666667 0.6509259259259259 0.09010416666666665 0.5685185185185186
0 0.37421875 0.5365740740740741 0.0776041666666667 0.312037037037037
0 0.6447916666666667 0.46944444444444444 0.034375000000000044 0.16666666666666669
0 0.54453125 0.6310185185185185 0.05364583333333339 0.4749999999999999
0 0.27890625 0.4532407407407407 0.02656249999999999 0.09907407407407404
0 0.12916666666666665 0.5703703703703703 0.10625 0.3259259259259259
0 0.4799479166666667 0.48842592592592593 0.024479166666666663 0.1601851851851852
0 0.22760416666666666 0.5643518518518519 0.055208333333333304 0.30833333333333335
0 0.6471354166666666 0.5365740740740741 0.031770833333333304 0.14166666666666666
0 0.29427083333333337 0.6027777777777779 0.06770833333333331 0.1518518518518518
