0 0.6052083333333333 0.6550925925925926 0.09687500000000004 0.5731481481481482
0 0.37552083333333336 0.5356481481481481 0.078125 0.3083333333333333
0 0.6421874999999999 0.46805555555555556 0.03749999999999998 0.15833333333333338
0 0.5463541666666667 0.48935185185185187 0.04583333333333328 0.19351851851851853
0 0.14921875 0.5583333333333333 0.06614583333333332 0.3148148148148149
0 0.2963541666666667 0.45416666666666666 0.026041666666666685 0.10277777777777775
0 0.25416666666666665 0.5587962962962962 0.05416666666666667 0.30648148148148147
0 0.47291666666666665 0.48796296296296293 0.030208333333333337 0.15740740740740738
0 0.20911458333333333 0.4652777777777778 0.02031250000000001 0.07129629629629625
0 0.3028645833333333 0.6 0.07135416666666666 0.15370370370370368
0 0.5453125000000001 0.7398148148148148 0.05208333333333337 0.2574074074074073
