0 0.7807291666666667 0.6717592592592593 0.12812500000000004 0.6175925925925925
0 0.4703125 0.4847222222222223 0.021875000000000033 0.21759259259259262
0 0.88671875 0.576388888888889 0.07239583333333344 0.40092592592592596
0 0.7463541666666667 0.637962962962963 0.059374999999999956 0.5111111111111111
0 0.6796875 0.6643518518518519 0.1010416666666667 0.5398148148148147
0 0.5908854166666666 0.4717592592592592 0.019270833333333237 0.14537037037037032
0 0.5184895833333334 0.5148148148148148 0.030729166666666585 0.22962962962962963
0 0.37135416666666665 0.5268518518518519 0.05937500000000001 0.2462962962962963
0 0.39088541666666665 0.47314814814814815 0.019270833333333348 0.12037037037037035
0 0.45807291666666666 0.5435185185185185 0.07447916666666665 0.2592592592592593
0 0.21197916666666666 0.48194444444444445 0.02291666666666667 0.10277777777777775
0 0.22812500000000002 0.48009259259259257 0.020833333333333343 0.09722222222222221
0 0.796875 0.8546296296296296 0.028124999999999956 0.06666666666666665
0 0.8309895833333334 0.9111111111111111 0.047395833333333415 0.1777777777777778
