0 0.6057291666666667 0.6523148148148148 0.08854166666666674 0.5694444444444444
0 0.375 0.537037037037037 0.07916666666666672 0.30925925925925923
0 0.5447916666666667 0.6310185185185185 0.054166666666666696 0.4749999999999999
0 0.64453125 0.4708333333333333 0.03489583333333335 0.15277777777777785
0 0.2828125 0.4550925925925926 0.027083333333333293 0.09907407407407409
0 0.4786458333333333 0.48703703703703705 0.025000000000000022 0.16296296296296298
0 0.1328125 0.5699074074074074 0.09895833333333333 0.3268518518518518
0 0.23359375 0.5606481481481481 0.047395833333333304 0.3064814814814815
0 0.6455729166666666 0.5375 0.031770833333333415 0.13611111111111107
0 0.296875 0.6041666666666667 0.07395833333333335 0.14907407407407403
