0 0.3966145833333333 0.6717592592592593 0.1880208333333333 0.6564814814814814
0 0.6513020833333334 0.5009259259259259 0.07968750000000002 0.2537037037037037
0 0.44817708333333334 0.48888888888888893 0.02864583333333337 0.22037037037037038
0 0.7364583333333333 0.549537037037037 0.046875 0.3157407407407407
0 0.5934895833333333 0.5069444444444444 0.057812500000000044 0.2231481481481481
0 0.2989583333333333 0.5356481481481481 0.055208333333333304 0.2657407407407407
0 0.6950520833333333 0.5407407407407407 0.0390625 0.27037037037037037
0 0.22708333333333333 0.47777777777777775 0.020833333333333315 0.1018518518518518
0 0.21067708333333335 0.48194444444444445 0.02239583333333331 0.10277777777777775
0 0.5833333333333333 0.7583333333333333 0.07708333333333328 0.24444444444444446
0 0.6296875 0.8967592592592593 0.05312499999999998 0.2064814814814815
0 0.7041666666666666 0.8814814814814815 0.08854166666666663 0.1611111111111111
