0 0.7890625 0.6777777777777778 0.13541666666666674 0.6444444444444444
0 0.890625 0.5504629629629629 0.06875000000000009 0.3453703703703703
0 0.7526041666666667 0.6416666666666666 0.06145833333333328 0.5185185185185185
0 0.6856770833333333 0.6643518518518519 0.11093749999999991 0.5398148148148147
0 0.5247395833333333 0.5143518518518518 0.041145833333333326 0.22870370370370363
0 0.5903645833333333 0.4722222222222222 0.01822916666666663 0.14444444444444438
0 0.37109375 0.5277777777777778 0.05885416666666665 0.24444444444444446
0 0.45859375 0.5430555555555556 0.07343749999999999 0.2601851851851852
0 0.21145833333333336 0.4824074074074074 0.02291666666666667 0.10370370370370363
0 0.22890625 0.4819444444444444 0.019270833333333348 0.0935185185185185
