0 0.9518229166666667 0.575925925925926 0.09531250000000002 0.5296296296296297
0 0.60078125 0.6671296296296296 0.10468749999999993 0.5972222222222223
0 0.4130208333333333 0.5277777777777778 0.04583333333333334 0.2981481481481481
0 0.6375 0.5050925925925926 0.0625 0.24537037037037035
0 0.5421875 0.4828703703703704 0.05104166666666665 0.17685185185185187
0 0.6656249999999999 0.4759259259259259 0.033333333333333326 0.15000000000000002
0 0.21458333333333335 0.5509259259259259 0.07812500000000003 0.29259259259259257
0 0.29765624999999996 0.5541666666666667 0.04218749999999999 0.29351851851851857
0 0.3510416666666667 0.45416666666666666 0.02395833333333336 0.08981481481481479
0 0.4526041666666667 0.4847222222222222 0.027083333333333293 0.14907407407407403
0 0.6143229166666666 0.5407407407407407 0.03281250000000002 0.14074074074074078
0 0.3546875 0.5916666666666667 0.07395833333333335 0.13888888888888884
0 0.5453125000000001 0.749074074074074 0.044791666666666674 0.2518518518518519
0 0.6067708333333334 0.7907407407407407 0.015625 0.10925925925925917
0 0.6692708333333333 0.7972222222222223 0.04062500000000002 0.0981481481481482
