0 0.72578125 0.4962962962962963 0.08281250000000007 0.2518518518518519
0 0.11588541666666667 0.6865740740740741 0.2171875 0.6268518518518518
0 0.4546875 0.5171296296296296 0.03958333333333336 0.27685185185185185
0 0.6940104166666666 0.5023148148148149 0.0390625 0.237962962962963
0 0.8020833333333333 0.562962962962963 0.05312499999999998 0.35740740740740745
0 0.6333333333333333 0.6638888888888889 0.07708333333333328 0.538888888888889
0 0.33515625 0.5277777777777778 0.03489583333333335 0.25740740740740736
0 0.5877604166666667 0.47268518518518515 0.01822916666666674 0.1435185185185185
0 0.4135416666666667 0.5425925925925926 0.05312500000000003 0.2722222222222222
0 0.5557291666666666 0.4601851851851852 0.019791666666666763 0.09999999999999998
0 0.21119791666666668 0.4824074074074074 0.0234375 0.10370370370370363
0 0.6760416666666667 0.788888888888889 0.03541666666666665 0.12037037037037035
0 0.721875 0.8930555555555555 0.08229166666666665 0.2138888888888889
