0 0.6046875 0.6527777777777778 0.09062500000000007 0.5666666666666667
0 0.3598958333333333 0.5351851851851852 0.05624999999999997 0.31296296296296294
0 0.5440104166666666 0.4912037037037037 0.04947916666666663 0.19537037037037036
0 0.2625 0.45277777777777783 0.027083333333333348 0.10740740740740745
0 0.12421875 0.5731481481481482 0.10572916666666668 0.33148148148148154
0 0.4864583333333333 0.48796296296296293 0.02916666666666673 0.1592592592592592
0 0.21015625 0.5745370370370371 0.09010416666666665 0.3231481481481482
0 0.6533854166666666 0.5375 0.030729166666666585 0.137962962962963
0 0.26875 0.6046296296296296 0.039583333333333304 0.1499999999999999
0 0.5427083333333333 0.7314814814814814 0.05208333333333326 0.274074074074074
