0 0.5432291666666667 0.6291666666666667 0.16770833333333335 0.6009259259259259
0 0.6299479166666666 0.49675925925925923 0.06614583333333324 0.24722222222222218
0 0.4380208333333333 0.5203703703703704 0.03750000000000003 0.2796296296296297
0 0.67890625 0.5314814814814814 0.05052083333333335 0.3
0 0.7242187499999999 0.5513888888888889 0.06822916666666667 0.312037037037037
0 0.40364583333333337 0.44861111111111107 0.02291666666666664 0.08796296296296297
0 0.2700520833333333 0.5425925925925925 0.048437499999999994 0.274074074074074
0 0.3359375 0.5467592592592593 0.05208333333333337 0.2805555555555555
0 0.22708333333333333 0.47916666666666663 0.020833333333333315 0.09907407407407404
0 0.21015625 0.4824074074074074 0.022395833333333337 0.10370370370370363
0 0.3989583333333333 0.5865740740740741 0.05416666666666664 0.13981481481481473
0 0.6723958333333333 0.8152777777777778 0.03645833333333337 0.06574074074074066
0 0.6270833333333333 0.9055555555555556 0.04270833333333335 0.18888888888888888
