0 0.6046875 0.650462962962963 0.08958333333333335 0.5694444444444444
0 0.37447916666666664 0.5365740740740741 0.078125 0.3101851851851852
0 0.6440104166666667 0.4712962962962963 0.03489583333333335 0.16296296296296298
0 0.5453125 0.4912037037037037 0.046875 0.19537037037037036
0 0.1359375 0.5689814814814815 0.09166666666666666 0.32685185185185184
0 0.2390625 0.5601851851851852 0.04583333333333331 0.3074074074074074
0 0.28541666666666665 0.4560185185185185 0.027083333333333348 0.09907407407407404
0 0.47630208333333335 0.48703703703703705 0.028645833333333315 0.16111111111111104
0 0.64296875 0.5365740740740741 0.031770833333333304 0.1379629629629629
0 0.2986979166666667 0.6032407407407407 0.0776041666666667 0.1509259259259259
0 0.5450520833333333 0.7333333333333333 0.05364583333333339 0.27037037037037037
