0 0.603125 0.6509259259259259 0.09375 0.5703703703703704
0 0.37552083333333336 0.5370370370370371 0.078125 0.3074074074074074
0 0.6429687500000001 0.46944444444444444 0.036979166666666674 0.16296296296296298
0 0.54609375 0.4902777777777778 0.046354166666666585 0.19351851851851848
0 0.24895833333333334 0.5555555555555556 0.044791666666666674 0.31296296296296294
0 0.14505208333333333 0.5611111111111111 0.07343749999999999 0.3148148148148148
0 0.29270833333333335 0.45925925925925926 0.026041666666666685 0.10185185185185186
0 0.47239583333333335 0.48796296296296293 0.03125 0.1592592592592592
0 0.20989583333333334 0.462037037037037 0.021875000000000006 0.06481481481481483
0 0.6401041666666667 0.5365740740740741 0.03020833333333328 0.13611111111111113
0 0.3 0.6041666666666666 0.078125 0.1509259259259259
0 0.5453125000000001 0.7398148148148148 0.05312499999999998 0.2574074074074073
