0 0.44557291666666665 0.649537037037037 0.20156250000000003 0.6564814814814814
0 0.6458333333333334 0.5027777777777778 0.078125 0.25555555555555554
0 0.7294270833333334 0.55 0.05781249999999993 0.3166666666666667
0 0.69140625 0.5412037037037037 0.042187500000000044 0.29537037037037034
0 0.5916666666666666 0.4930555555555556 0.06458333333333333 0.19351851851851848
0 0.29375 0.5356481481481481 0.054166666666666696 0.2694444444444445
0 0.3549479166666667 0.5439814814814815 0.03802083333333334 0.2731481481481482
0 0.22682291666666665 0.47916666666666663 0.020312499999999983 0.09907407407407404
0 0.21067708333333335 0.4824074074074074 0.02239583333333331 0.10370370370370363
0 0.5802083333333333 0.7592592592592593 0.07291666666666674 0.2407407407407408
0 0.6247395833333333 0.8837962962962963 0.056770833333333326 0.18425925925925934
0 0.6903645833333334 0.8865740740740741 0.06718750000000007 0.17129629629629628
