0 0.7578125 0.4935185185185185 0.078125 0.2574074074074074
0 0.4591145833333333 0.5162037037037037 0.03489583333333335 0.27870370370370373
0 0.7200520833333334 0.6319444444444444 0.047395833333333304 0.5046296296296297
0 0.6643229166666667 0.5046296296296297 0.0776041666666667 0.23148148148148145
0 0.8622395833333334 0.5800925925925926 0.10052083333333328 0.38055555555555554
0 0.5890625 0.47175925925925927 0.01666666666666672 0.1435185185185185
0 0.3528645833333333 0.5226851851851853 0.0390625 0.24351851851851858
0 0.49192708333333335 0.44305555555555554 0.024479166666666663 0.08240740740740743
0 0.4375 0.5388888888888889 0.038541666666666696 0.2703703703703703
0 0.39739583333333334 0.4583333333333333 0.018750000000000044 0.08518518518518514
0 0.20963541666666669 0.4675925925925926 0.01927083333333332 0.07407407407407407
0 0.046875 0.7351851851851852 0.09270833333333334 0.5296296296296297
0 0.49453125 0.5694444444444444 0.05572916666666661 0.12222222222222223
0 0.65859375 0.7967592592592593 0.0703125 0.2768518518518519
0 0.7768229166666667 0.8944444444444444 0.13385416666666672 0.21111111111111114
0 0.7674479166666667 0.8532407407407407 0.02864583333333326 0.06944444444444442
