0 0.7046874999999999 0.6430555555555555 0.20520833333333333 0.6398148148148148
0 0.6078125 0.5569444444444445 0.059374999999999956 0.3583333333333334
0 0.42604166666666665 0.525 0.052083333333333315 0.2851851851851852
0 0.5627604166666667 0.48935185185185187 0.05989583333333326 0.19907407407407407
0 0.38697916666666665 0.4513888888888889 0.025000000000000022 0.09351851851851856
0 0.25885416666666666 0.549537037037037 0.06874999999999998 0.28425925925925927
0 0.32499999999999996 0.5546296296296296 0.07500000000000001 0.28888888888888886
0 0.44244791666666666 0.46574074074074073 0.01822916666666663 0.10925925925925928
0 0.3911458333333333 0.5842592592592593 0.03854166666666664 0.1425925925925926
0 0.5630208333333333 0.7106481481481481 0.05729166666666663 0.16203703703703698
