0 0.7671875 0.49444444444444446 0.08229166666666665 0.2592592592592593
0 0.46197916666666666 0.5166666666666666 0.03125 0.2796296296296296
0 0.7247395833333333 0.6337962962962963 0.04843749999999991 0.5027777777777778
0 0.8677083333333333 0.5814814814814815 0.08958333333333335 0.3888888888888889
0 0.66796875 0.5078703703703704 0.0786458333333333 0.23611111111111105
0 0.5895833333333333 0.47175925925925927 0.016666666666666607 0.1435185185185185
0 0.36015625 0.5236111111111111 0.046354166666666696 0.2416666666666667
0 0.44036458333333334 0.5384259259259259 0.042187500000000044 0.27129629629629626
0 0.49661458333333336 0.4458333333333333 0.02447916666666672 0.08611111111111108
0 0.39765625000000004 0.475462962962963 0.02031250000000001 0.12129629629629629
0 0.4942708333333333 0.5712962962962963 0.055208333333333304 0.12222222222222223
0 0.03619791666666666 0.7157407407407408 0.07135416666666666 0.3407407407407407
0 0.6630208333333334 0.799074074074074 0.07291666666666663 0.27222222222222225
0 0.73984375 0.8847222222222222 0.05885416666666665 0.19166666666666665
0 0.8109375 0.8990740740740741 0.078125 0.20185185185185184
0 0.7736979166666667 0.8435185185185186 0.029687499999999978 0.08333333333333337
