0 0.17005208333333333 0.6717592592592593 0.2192708333333333 0.6564814814814814
0 0.7106770833333333 0.49537037037037035 0.08072916666666674 0.2537037037037037
0 0.45416666666666666 0.5166666666666666 0.04062500000000002 0.2777777777777778
0 0.6781250000000001 0.46805555555555556 0.029166666666666674 0.15648148148148144
0 0.6294270833333333 0.649074074074074 0.0776041666666667 0.5148148148148148
0 0.78515625 0.5657407407407408 0.06927083333333339 0.34814814814814815
0 0.32135416666666666 0.5291666666666667 0.05729166666666663 0.25648148148148153
0 0.5888020833333334 0.46805555555555556 0.01822916666666663 0.1342592592592593
0 0.39583333333333337 0.5430555555555555 0.041666666666666685 0.2712962962962963
0 0.4153645833333333 0.47638888888888886 0.019270833333333348 0.1287037037037037
0 0.2747395833333333 0.8337962962962964 0.036979166666666674 0.1787037037037037
0 0.6692708333333333 0.8027777777777778 0.029166666666666674 0.08518518518518514
0 0.6955729166666667 0.8930555555555555 0.13697916666666665 0.20833333333333337
