0 0.8278645833333333 0.6083333333333334 0.2411458333333334 0.6537037037037037
0 0.60703125 0.549074074074074 0.08281249999999996 0.36296296296296293
0 0.6552083333333334 0.5254629629629629 0.06354166666666672 0.2879629629629629
0 0.41770833333333335 0.5296296296296297 0.05416666666666664 0.28888888888888886
0 0.5562499999999999 0.48703703703703705 0.060416666666666674 0.19259259259259265
0 0.68359375 0.4777777777777778 0.03697916666666656 0.1703703703703704
0 0.25078125 0.5486111111111112 0.055729166666666635 0.29351851851851857
0 0.3768229166666667 0.45416666666666666 0.0234375 0.09722222222222221
0 0.44453125 0.47962962962962963 0.0234375 0.14444444444444443
0 0.321875 0.5550925925925926 0.07395833333333329 0.28981481481481475
0 0.37916666666666665 0.5842592592592593 0.033333333333333326 0.1425925925925926
0 0.68984375 0.6518518518518519 0.027604166666666652 0.06666666666666676
0 0.5541666666666667 0.7398148148148148 0.048958333333333326 0.21296296296296302
