0 0.5986979166666666 0.6555555555555556 0.10364583333333333 0.5685185185185184
0 0.396875 0.5277777777777778 0.05416666666666664 0.30000000000000004
0 0.63203125 0.47824074074074074 0.05156250000000007 0.19351851851851848
0 0.5421875 0.4828703703703704 0.048958333333333326 0.17685185185185187
0 0.3359375 0.5333333333333333 0.039583333333333304 0.26111111111111107
0 0.6463541666666667 0.4458333333333333 0.022916666666666696 0.08611111111111108
0 0.45833333333333337 0.4824074074074074 0.02812500000000001 0.1555555555555556
0 0.19635416666666666 0.5578703703703703 0.08854166666666669 0.29907407407407405
0 0.27447916666666666 0.5601851851851852 0.07708333333333336 0.29629629629629634
0 0.6208333333333333 0.5342592592592592 0.033333333333333326 0.13518518518518519
0 0.5445312499999999 0.7462962962962962 0.04427083333333337 0.2518518518518519
0 0.603125 0.788888888888889 0.011458333333333348 0.10925925925925928
0 0.6440104166666667 0.7986111111111112 0.02239583333333328 0.09351851851851845
