0 0.7848958333333333 0.6708333333333333 0.1322916666666667 0.6194444444444445
0 0.8869791666666667 0.5532407407407407 0.06666666666666665 0.350925925925926
0 0.7497395833333333 0.637962962962963 0.05885416666666665 0.5092592592592593
0 0.684375 0.6634259259259259 0.11041666666666672 0.5416666666666666
0 0.5908854166666666 0.4717592592592592 0.019270833333333237 0.14537037037037032
0 0.5200520833333333 0.5138888888888888 0.03281250000000002 0.22777777777777775
0 0.37083333333333335 0.5273148148148148 0.060416666666666674 0.2453703703703704
0 0.5453125 0.45231481481481484 0.016666666666666607 0.07500000000000001
0 0.4583333333333333 0.5449074074074074 0.07395833333333335 0.2564814814814815
0 0.21197916666666666 0.48194444444444445 0.02291666666666667 0.10277777777777775
0 0.228125 0.4810185185185185 0.019791666666666652 0.09537037037037033
0 0.8309895833333334 0.9115740740740741 0.047395833333333415 0.17685185185185182
0 0.7994791666666666 0.8611111111111112 0.023958333333333304 0.0537037037037037
