0 0.5981770833333333 0.6541666666666667 0.10260416666666672 0.5675925925925926
0 0.40078125 0.5259259259259259 0.049479166666666685 0.2962962962962963
0 0.6322916666666667 0.4759259259259259 0.055208333333333304 0.19074074074074077
0 0.5419270833333334 0.48055555555555557 0.05052083333333324 0.17592592592592593
0 0.34244791666666663 0.5333333333333333 0.04843749999999997 0.26111111111111107
0 0.4575520833333333 0.4828703703703704 0.028645833333333315 0.15462962962962967
0 0.19739583333333333 0.5583333333333333 0.08854166666666666 0.2981481481481481
0 0.2768229166666667 0.5583333333333333 0.07239583333333335 0.2981481481481481
0 0.6190104166666667 0.5310185185185186 0.031770833333333304 0.12870370370370365
0 0.5445312499999999 0.7453703703703705 0.04427083333333337 0.2518518518518519
0 0.60390625 0.7842592592592592 0.011979166666666652 0.11296296296296304
0 0.6473958333333334 0.7962962962962963 0.028125000000000067 0.09259259259259256
