0 0.77421875 0.49722222222222223 0.08177083333333335 0.2611111111111111
0 0.46510416666666665 0.5138888888888888 0.02812500000000001 0.2740740740740741
0 0.7286458333333333 0.6347222222222222 0.050000000000000044 0.5046296296296297
0 0.8713541666666667 0.5796296296296296 0.08229166666666665 0.39259259259259255
0 0.6731770833333334 0.5101851851851852 0.0786458333333333 0.23333333333333334
0 0.3671875 0.5217592592592593 0.05625000000000002 0.24351851851851847
0 0.5901041666666667 0.4722222222222222 0.017708333333333326 0.14444444444444438
0 0.446875 0.538425925925926 0.05520833333333336 0.26759259259259266
0 0.396875 0.47407407407407404 0.019791666666666707 0.12037037037037035
0 0.22838541666666667 0.4810185185185185 0.021354166666666674 0.09351851851851856
0 0.4973958333333333 0.5754629629629631 0.05312499999999998 0.11759259259259258
0 0.0234375 0.7416666666666667 0.04583333333333334 0.2944444444444444
0 0.67109375 0.799074074074074 0.08489583333333328 0.27222222222222225
0 0.7432291666666667 0.8759259259259259 0.0625 0.20925925925925926
0 0.8161458333333333 0.9027777777777778 0.06770833333333326 0.19444444444444442
0 0.7791666666666667 0.8458333333333334 0.027083333333333348 0.0712962962962963
