0 0.8317708333333333 0.5597222222222222 0.10624999999999996 0.4212962962962963
0 0.46510416666666665 0.4203703703703704 0.02812500000000001 0.0851851851851852
0 0.7638020833333333 0.637962962962963 0.07968749999999991 0.5148148148148148
0 0.9252604166666667 0.5976851851851852 0.11197916666666663 0.4305555555555556
0 0.6966145833333333 0.663888888888889 0.11197916666666663 0.5425925925925926
0 0.3794270833333333 0.5259259259259259 0.04218749999999999 0.25
0 0.5346354166666667 0.5157407407407407 0.06093749999999998 0.22407407407407404
0 0.475 0.5407407407407407 0.04270833333333329 0.26851851851851855
0 0.21145833333333336 0.48194444444444445 0.02291666666666667 0.10277777777777775
0 0.22864583333333333 0.4824074074074074 0.01979166666666668 0.09259259259259256
0 0.5893229166666667 0.5037037037037038 0.01302083333333337 0.08518518518518514
0 0.7908854166666667 0.8148148148148149 0.02968750000000009 0.11666666666666659
0 0.8067708333333333 0.8935185185185186 0.1020833333333333 0.2129629629629629
