0 0.520833 0.439352 0.0145833 0.0527778
0 0.313281 0.462037 0.0130208 0.0851852
0 0.354688 0.468056 0.015625 0.0972222
0 0.638021 0.442593 0.0197917 0.0814815
0 0.294792 0.461111 0.0135417 0.0796296
0 0.335677 0.467593 0.0161458 0.0962963
0 0.639844 0.567593 0.0359375 0.116667
0 0.228125 0.480556 0.0197917 0.105556
0 0.386979 0.463426 0.015625 0.0935185
0 0.209375 0.483796 0.021875 0.106481
0 0.552604 0.506019 0.0322917 0.219444
0 0.596354 0.513426 0.05 0.262037
0 0.677865 0.532407 0.0557292 0.262963
