0 0.313021 0.462037 0.0125 0.0851852
0 0.353646 0.466667 0.015625 0.0981481
0 0.521615 0.44213 0.0161458 0.0564815
0 0.584896 0.465278 0.0208333 0.132407
0 0.642187 0.445833 0.021875 0.0898148
0 0.335677 0.467593 0.0151042 0.0925926
0 0.294531 0.460185 0.0140625 0.0796296
0 0.38724 0.462963 0.0161458 0.0944444
0 0.228385 0.481944 0.0203125 0.106481
0 0.641146 0.568981 0.0375 0.112037
0 0.210417 0.483796 0.0208333 0.106481
0 0.59974 0.514352 0.0453125 0.269444
0 0.558594 0.509722 0.0411458 0.217593
0 0.680469 0.531482 0.0546875 0.262963
