0 0.302344 0.460185 0.0213542 0.0777778
0 0.356771 0.465278 0.0166667 0.0916667
0 0.313021 0.463889 0.0135417 0.0851852
0 0.972656 0.689815 0.0546875 0.62037
0 0.635938 0.443519 0.0208333 0.0833333
0 0.294792 0.461111 0.0135417 0.0796296
0 0.636719 0.567593 0.0276042 0.12037
0 0.228125 0.480556 0.0197917 0.105556
0 0.335417 0.466667 0.0166667 0.0962963
0 0.386719 0.462037 0.0161458 0.0944444
0 0.209896 0.483333 0.0208333 0.105556
0 0.545833 0.510648 0.034375 0.215741
0 0.669531 0.531482 0.0515625 0.266667
0 0.595312 0.5125 0.05 0.262037
