0 0.652344 0.552778 0.0588542 0.201852
0 0.301562 0.459259 0.0229167 0.0796296
0 0.985937 0.698611 0.028125 0.576852
0 0.313021 0.461574 0.0145833 0.0824074
0 0.354427 0.466667 0.0161458 0.1
0 0.63724 0.443056 0.0203125 0.0861111
0 0.294792 0.460648 0.0135417 0.0768519
0 0.638802 0.566667 0.0359375 0.116667
0 0.335677 0.468056 0.0161458 0.0972222
0 0.386719 0.462037 0.0161458 0.0944444
0 0.227865 0.480093 0.0203125 0.106481
0 0.209896 0.483333 0.021875 0.107407
0 0.550781 0.507407 0.0307292 0.218519
0 0.676302 0.533333 0.0557292 0.261111
0 0.595833 0.512963 0.0489583 0.262963
