0 0.348437 0.46713 0.025 0.100926
0 0.6125 0.566204 0.0229167 0.121296
0 0.59375 0.458333 0.01875 0.118519
0 0.958594 0.911574 0.0276042 0.0657407
0 0.990104 0.503704 0.01875 0.148148
0 0.626823 0.448148 0.0234375 0.0888889
0 0.311719 0.461111 0.0151042 0.0759259
0 0.294792 0.461574 0.0135417 0.075
0 0.384896 0.4625 0.015625 0.0916667
0 0.935938 0.690278 0.128125 0.619444
0 0.227083 0.480093 0.0208333 0.100926
0 0.576823 0.510185 0.0380208 0.262963
0 0.209635 0.484722 0.0213542 0.100926
0 0.338802 0.469907 0.0161458 0.0990741
0 0.640365 0.534259 0.0671875 0.253704
0 0.527344 0.5125 0.0567708 0.225
