0 0.679948 0.484722 0.0192708 0.158333
0 0.647396 0.553241 0.05 0.200926
0 0.313021 0.464352 0.0145833 0.0824074
0 0.295052 0.461111 0.0130208 0.0796296
0 0.964063 0.677778 0.071875 0.642593
0 0.227344 0.480093 0.0203125 0.10463
0 0.386458 0.461574 0.015625 0.0972222
0 0.631771 0.568519 0.0291667 0.116667
0 0.336198 0.469444 0.0161458 0.0962963
0 0.664583 0.533333 0.04375 0.261111
0 0.209635 0.484259 0.0203125 0.103704
0 0.540104 0.509722 0.0416667 0.217593
0 0.595312 0.510185 0.0489583 0.27037
