0 0.348177 0.467593 0.0255208 0.0981481
0 0.958854 0.916204 0.028125 0.062037
0 0.627865 0.451852 0.0234375 0.0888889
0 0.615885 0.574074 0.0296875 0.103704
0 0.311979 0.461574 0.015625 0.0787037
0 0.294792 0.462037 0.0135417 0.0759259
0 0.385156 0.462037 0.0161458 0.0925926
0 0.226562 0.480556 0.0208333 0.1
0 0.936198 0.685185 0.127604 0.62963
0 0.209635 0.484259 0.0213542 0.1
0 0.338542 0.468981 0.0166667 0.0972222
0 0.641927 0.533333 0.0651042 0.253704
0 0.58151 0.518519 0.0380208 0.275926
0 0.526823 0.5125 0.0578125 0.226852
