0 0.313021 0.462963 0.0125 0.0851852
0 0.58724 0.466667 0.0192708 0.135185
0 0.353906 0.467593 0.0161458 0.1
0 0.521875 0.444444 0.015625 0.0611111
0 0.644531 0.447222 0.0213542 0.0925926
0 0.294792 0.461574 0.0135417 0.0787037
0 0.335417 0.467593 0.015625 0.0925926
0 0.3875 0.462963 0.015625 0.0925926
0 0.228385 0.481019 0.0203125 0.106481
0 0.641406 0.568519 0.0380208 0.112963
0 0.210156 0.483333 0.0213542 0.107407
0 0.602083 0.516667 0.04375 0.27037
0 0.561458 0.511111 0.0458333 0.225926
0 0.68099 0.52963 0.0546875 0.261111
