0 0.632292 0.448148 0.0208333 0.0888889
0 0.675521 0.490741 0.01875 0.135185
0 0.313542 0.462963 0.015625 0.0796296
0 0.295312 0.460648 0.0135417 0.0787037
0 0.227604 0.481481 0.0208333 0.103704
0 0.385417 0.461111 0.0177083 0.0981481
0 0.623958 0.572222 0.0354167 0.112963
0 0.336979 0.469907 0.015625 0.0972222
0 0.210677 0.484259 0.0203125 0.1
0 0.655208 0.533796 0.0479167 0.256481
0 0.940625 0.674074 0.11875 0.651852
0 0.590365 0.510185 0.0411458 0.268519
0 0.534896 0.511111 0.0510417 0.224074
