0 0.960417 0.555556 0.0791667 0.32963
0 0.347135 0.467593 0.0244792 0.0962963
0 0.311979 0.462037 0.0145833 0.0777778
0 0.629167 0.451389 0.0239583 0.087963
0 0.294792 0.4625 0.0125 0.0731481
0 0.616927 0.576852 0.0296875 0.107407
0 0.385156 0.464352 0.0151042 0.0898148
0 0.226302 0.480556 0.0213542 0.101852
0 0.938021 0.685648 0.123958 0.628704
0 0.209375 0.484722 0.0208333 0.100926
0 0.64401 0.532407 0.0619792 0.251852
0 0.338542 0.469444 0.015625 0.0944444
0 0.582812 0.519907 0.0385417 0.280556
0 0.528125 0.513889 0.059375 0.227778
