0 0.673177 0.481019 0.0203125 0.147222
0 0.313542 0.462963 0.015625 0.0814815
0 0.632552 0.444444 0.0234375 0.0833333
0 0.227604 0.480093 0.0208333 0.10463
0 0.295573 0.460185 0.0140625 0.0796296
0 0.659375 0.533796 0.04375 0.258333
0 0.386198 0.460648 0.0161458 0.0953704
0 0.626042 0.571759 0.0364583 0.115741
0 0.336719 0.47037 0.0161458 0.0981481
0 0.210417 0.483333 0.0208333 0.101852
0 0.941927 0.679167 0.116146 0.641667
0 0.535417 0.510185 0.0479167 0.218519
0 0.592188 0.509722 0.04375 0.267593
