0 0.301562 0.460185 0.021875 0.0777778
0 0.61901 0.519907 0.0807292 0.25463
0 0.976562 0.694444 0.046875 0.611111
0 0.35599 0.465741 0.0171875 0.0944444
0 0.313021 0.463889 0.0135417 0.0833333
0 0.636719 0.443056 0.0203125 0.0861111
0 0.294792 0.461111 0.0135417 0.0796296
0 0.63776 0.568056 0.0296875 0.117593
0 0.227865 0.480093 0.0203125 0.106481
0 0.335677 0.468056 0.0161458 0.0972222
0 0.386458 0.462037 0.0166667 0.0962963
0 0.209375 0.483796 0.021875 0.106481
0 0.547396 0.509259 0.0322917 0.211111
0 0.672135 0.533796 0.0526042 0.262037
0 0.595312 0.5125 0.0489583 0.262037
