0 0.675521 0.493519 0.0177083 0.127778
0 0.63151 0.447685 0.0234375 0.0916667
0 0.313281 0.463426 0.0151042 0.0787037
0 0.623438 0.575 0.0364583 0.114815
0 0.295052 0.459722 0.0140625 0.0787037
0 0.227604 0.480556 0.0208333 0.105556
0 0.386198 0.461574 0.0171875 0.0935185
0 0.336979 0.47037 0.015625 0.0981481
0 0.210417 0.483333 0.0208333 0.101852
0 0.586719 0.5125 0.0369792 0.267593
0 0.653385 0.531482 0.0473958 0.248148
0 0.938281 0.676389 0.123438 0.647222
0 0.532292 0.512037 0.0541667 0.222222
