0 0.302865 0.458796 0.0223958 0.0805556
0 0.35599 0.465278 0.0171875 0.0935185
0 0.985417 0.694444 0.0291667 0.574074
0 0.31276 0.462037 0.0140625 0.0814815
0 0.63724 0.442593 0.0203125 0.087037
0 0.294792 0.460185 0.0135417 0.0796296
0 0.638542 0.565741 0.0322917 0.12037
0 0.228125 0.47963 0.0208333 0.107407
0 0.335938 0.468519 0.0166667 0.0981481
0 0.386719 0.462037 0.0161458 0.0944444
0 0.209635 0.483333 0.0223958 0.105556
0 0.55 0.508796 0.0322917 0.212037
0 0.674219 0.534722 0.0557292 0.262037
0 0.595573 0.5125 0.0494792 0.262037
