0 0.63151 0.45 0.0203125 0.0925926
0 0.675781 0.480093 0.0213542 0.152778
0 0.313021 0.462963 0.0135417 0.0796296
0 0.227344 0.47963 0.0213542 0.105556
0 0.295833 0.461111 0.0135417 0.0796296
0 0.945833 0.676389 0.108333 0.647222
0 0.663021 0.533333 0.0385417 0.259259
0 0.386719 0.462037 0.0161458 0.0962963
0 0.336458 0.47037 0.015625 0.0962963
0 0.629167 0.569907 0.0333333 0.113889
0 0.210156 0.483333 0.0213542 0.103704
0 0.536719 0.509259 0.0463542 0.218519
0 0.59375 0.510648 0.046875 0.265741
