0 0.586458 0.464352 0.021875 0.134259
0 0.354167 0.46713 0.015625 0.0972222
0 0.521094 0.440741 0.0151042 0.0555556
0 0.640365 0.44213 0.0203125 0.0842593
0 0.294792 0.461111 0.0135417 0.0796296
0 0.335417 0.467593 0.015625 0.0925926
0 0.386979 0.463426 0.015625 0.0935185
0 0.641146 0.56713 0.0375 0.115741
0 0.228646 0.481481 0.0197917 0.105556
0 0.210156 0.483333 0.0213542 0.107407
0 0.598437 0.515741 0.0510417 0.261111
0 0.555469 0.509259 0.0338542 0.218519
0 0.680208 0.530556 0.0552083 0.264815
