0 0.313281 0.462037 0.0119792 0.0833333
0 0.58776 0.469444 0.0161458 0.12037
0 0.522396 0.445833 0.015625 0.0601852
0 0.294271 0.461574 0.0125 0.0787037
0 0.646094 0.448148 0.0213542 0.0981481
0 0.335938 0.46713 0.015625 0.0916667
0 0.227604 0.481481 0.0208333 0.105556
0 0.386979 0.463426 0.015625 0.0953704
0 0.210156 0.483796 0.0213542 0.10463
0 0.641667 0.566204 0.0385417 0.115741
0 0.603646 0.51713 0.0427083 0.265741
0 0.56276 0.511111 0.0473958 0.22037
0 0.681771 0.529167 0.0541667 0.263889
